-3.99822928435 0.0450741659003 -1.10444525715 -3.99822928435 0.0450741659003 -1.10444525715 0.0
-4.01031108482 -0.0438317373194 -1.12649966851 -4.00458715142 -0.00171123795484 -1.11605106177 0.05
-4.01031108482 -0.0438317373194 -1.12649966851 -4.00748707854 -0.0230508256301 -1.12134465902 0.1
-3.9912466385 -0.0313374245313 -1.14027761164 -4.00129235259 -0.0318515944701 -1.13071032866 0.15
-4.01337959852 -0.0340343378351 -1.03891549672 -4.00597432225 -0.0380134409643 -1.09403480967 0.2
-4.00562480446 0.0129291059177 -1.12824595092 -4.00621214279 -0.0216216690311 -1.10436363301 0.25
-4.02134368165 -0.033427855525 -0.973883339292 -4.01260986078 -0.0277064625745 -1.05051035925 0.3
-4.01667918838 -0.0165505035936 -1.01703859242 -4.01532199291 -0.0253588962715 -1.0289761664 0.35
-4.01667918838 -0.0165505035936 -1.01703859242 -4.01713981757 -0.023398877182 -1.01447128977 0.4
-4.0199283297 -0.0383684709293 -0.975772520566 -4.01945037171 -0.0292657849295 -0.990696301509 0.45
-4.0199283297 -0.0383684709293 -0.975772520566 -4.02104094691 -0.033532128086 -0.973928473494 0.5
-4.01845043923 0.0302396862947 -0.973601567444 -4.02162819681 -0.0147740737371 -0.961662467831 0.55
-4.01845043923 0.0302396862947 -0.973601567444 -4.02190661406 0.000244239605333 -0.953529114383 0.6
-4.02518240167 0.0572488174083 -0.854583669683 -4.0239970527 0.0205512881884 -0.912319276551 0.65
-4.02782838955 0.00726043164371 -0.895231533384 -4.02631243323 0.0217505474056 -0.892806746433 0.7
-4.02479393054 0.00595971798181 -0.778487193551 -4.02709812241 0.0218475259854 -0.84379878969 0.75
-4.02466245283 -0.00992651222764 -0.919867289033 -4.02748866372 0.0166319829408 -0.848139267276 0.8
-4.02533187107 -0.017225477322 -0.866455528427 -4.0278038178 0.0096182904691 -0.83848899387 0.85
-4.01712688401 0.0926228747165 -0.901153603537 -4.02541106838 0.036383772366 -0.843390290337 0.9
-4.03147218218 0.0274263272316 -0.830348325637 -4.02755414591 0.0387338664732 -0.828578032546 0.95
-4.0310621728 0.0333114834562 -0.812467621985 -4.0290811084 0.0418529570528 -0.813014711684 1.0
-4.02768298731 0.057327534361 -0.83875262044 -4.0292135205 0.0509772319952 -0.809862562226 1.05
-4.04184215357 -0.0238851676046 -0.689873285936 -4.03333837166 0.0342096092837 -0.76554611922 1.1
-4.00687696199 0.00332785335046 -0.886479795428 -4.02650721181 0.0277467471831 -0.787607264076 1.15
-4.04285647787 -0.0145931778835 -0.621329875856 -4.03102258644 0.0169873425941 -0.731936715085 1.2
-4.03146776756 0.0442361280946 -0.70418548423 -4.03147680709 0.0244487742677 -0.710876195357 1.25
-4.03598891719 0.0354286300148 -0.741211201507 -4.0330163798 0.028045894334 -0.705545819616 1.3
-4.04487489342 -0.0190281829093 -0.62511947604 -4.03663485769 0.0159840933057 -0.671201128012 1.35
-4.04715955533 -0.0624482965278 -0.627718083822 -4.04016663295 -0.00587982402802 -0.6450619546 1.4
-4.04210738396 0.00280590275349 -0.645832548415 -4.04166289746 -0.00683700590494 -0.629879239781 1.45
-4.04446889795 0.0444176977786 -0.596440642329 -4.04340935368 0.00335915613334 -0.606105131941 1.5
-4.04321636974 -0.024056977975 -0.602666919535 -4.04442768012 -0.0056346780429 -0.589579119752 1.55
-4.04320538099 -0.0279868199862 -0.580602063639 -4.04515511735 -0.0141485869538 -0.571893186663 1.6
-4.04922887646 0.00303118249232 -0.53354445731 -4.04716214758 -0.0133939797376 -0.546935616188 1.65
-4.04922887646 0.00303118249232 -0.53354445731 -4.04874103591 -0.0125584607219 -0.527628596662 1.7
-4.04356434944 0.0531447059718 -0.574362916412 -4.0485541266 0.000739227588358 -0.523215225837 1.75
-4.02385696199 0.117899347002 -0.691047174229 -4.0434256345 0.0281701477044 -0.550025492015 1.8
-4.03548990552 -0.072213909302 -0.585925600833 -4.04174643995 0.00540827931967 -0.549218509756 1.85
-4.03548990552 -0.072213909302 -0.585925600833 -4.04022679788 -0.0142416408266 -0.550073813443 1.9
-4.01306966856 0.0511936449885 -0.724032722426 -4.0334513263 -0.0013120116534 -0.585572281973 1.95
-3.98948159201 0.0203751653837 -0.831083499185 -4.02189881666 0.00263518351918 -0.643234291944 2.0
-3.98023286001 -0.0683127734438 -0.913826542494 -4.00972223658 -0.0151116799358 -0.714045990334 2.05
-3.99101396341 0.0412534030568 -0.772793122666 -4.00188367192 -0.00417551468607 -0.758997165484 2.1
-3.99101396341 0.0412534030568 -0.772793122666 -3.99531012341 0.0055065487762 -0.779322032893 2.15
-3.7223795619 -0.00858570826349 -1.58856434155 -3.92578297605 0.00212592306796 -1.46669197867 2.2
-4.00474004188 0.0650550510807 -0.662417977341 -3.93321366292 0.0167915867967 -1.00900724431 2.25
-4.00474004188 0.0650550510807 -0.662417977341 -3.94174004623 0.0295808819902 -0.756263589029 2.3
-3.96590987387 -0.081731037521 -0.784745337089 -3.94263220471 0.00564141770643 -0.784449564159 2.35
-3.99076352957 -0.0528830393756 -0.584160781091 -3.95599362424 -0.00844533882881 -0.601766499756 2.4
-3.99942677845 0.0992970235735 -0.566466590076 -3.97531038754 0.0156026303905 -0.559641561375 2.45
-3.99942677845 0.0992970235735 -0.566466590076 -3.99231901321 0.0366269903326 -0.561459931001 2.5
-3.9908762905 0.109875024901 -0.436204930995 -4.00066311294 0.0573487126171 -0.462250978374 2.55
-3.96550491976 -0.215863337171 -0.561650188059 -3.99417778596 -0.00249484173859 -0.529133154085 2.6
-3.96550491976 -0.215863337171 -0.561650188059 -3.98901828036 -0.055065661718 -0.564393251553 2.65
-3.97496115715 0.0850426426539 -0.484596018186 -3.98917930828 -0.0274546110735 -0.531179855018 2.7
-3.9856047577 0.0371147917371 -0.482833936591 -3.99352669837 -0.0110077000807 -0.513996198888 2.75
-3.9845577278 -0.0734701494868 -0.431712965029 -3.99615306412 -0.0304521562518 -0.475703803813 2.8
-3.98124747749 0.116684548276 -0.364766555728 -3.99673215783 0.0278988184851 -0.417821769736 2.85
-3.97177057034 0.0303727970095 -0.319452229874 -3.99367287857 0.0401600886638 -0.361204314226 2.9
-3.92354975476 0.255864425862 -0.554641336425 -3.97477044525 0.151210396378 -0.446326571487 2.95
-3.92354975476 0.255864425862 -0.554641336425 -3.9603184228 0.228921185791 -0.504501432572 3.0
-3.91351663738 0.303715842198 -0.472139282243 -3.94604519796 0.300901686553 -0.507207077225 3.05
-3.88405873268 -0.200212546913 -0.732588656061 -3.92601760073 0.132643406294 -0.621518313098 3.1
-3.88405873268 -0.200212546913 -0.732588656061 -3.91040709308 0.010386997801 -0.701418109815 3.15
-3.92751839191 -0.0356565517759 -0.324232800787 -3.91074248936 -0.0248028397273 -0.595896601179 3.2
-3.87397164713 0.333486289226 -0.635662412678 -3.89643475089 0.296658269777 -0.635063119974 3.25
-3.86442998027 -0.118938834787 -0.645821041469 -3.88256027565 0.00374150720586 -0.666536264769 3.3
-3.86442998027 -0.118938834787 -0.645821041469 -3.87160871167 -0.101523922154 -0.686902672058 3.35
-3.90692635183 0.0543588485971 -0.200093194174 -3.87412618465 -0.0224499069754 -0.51596015157 3.4
-3.90692635183 0.0543588485971 -0.200093194174 -3.87677639995 0.0184495277235 -0.365379118687 3.45
-3.87707413547 0.151945314105 -0.453411215008 -3.87200648084 0.0997091602101 -0.404706433692 3.5
-3.87036110872 0.21831047044 -0.493756128576 -3.86680653056 0.183134664132 -0.498989269325 3.55
-3.88219088448 0.0707882908635 -0.23870496916 -3.86580588451 0.153369442236 -0.307045604231 3.6
-3.87936723491 -0.137565661687 -0.168817580413 -3.86478791917 0.0269697131107 -0.18861097505 3.65
-3.85631731499 0.254838204188 -0.0879521438911 -3.85885720498 0.130888936165 -0.0881208148213 3.7
-3.84093716564 0.353650066454 -0.0418869086337 -3.85055720749 0.246801909226 -0.0183165862438 3.75
-3.84306491638 0.184613230621 -0.12361337157 -3.84441822065 0.248552810004 -0.0401847496988 3.8
-3.84496301581 0.0572076937035 -0.0950057924005 -3.84010695463 0.184872467002 -0.0445431672892 3.85
-3.84139103851 0.136201814404 0.0693585308547 -3.83608202366 0.168747368871 0.033396767305 3.9
-3.80992493325 0.300044260139 0.238825602778 -3.8256677152 0.230914073203 0.160712487651 3.95
-3.83263691189 0.226126573791 0.0371174860398 -3.82258102923 0.238769181498 0.141642371918 4.0
-3.82004421702 0.192621451545 0.0340000369613 -3.81750871059 0.225774854943 0.120811079265 4.05
-3.79538426202 0.191858096742 -0.252298158239 -3.80782412565 0.213848277453 -0.0208783746092 4.1
-3.7998818268 -0.260682625872 0.0261334246597 -3.80106381752 0.00596696674014 -0.0114414611218 4.15
-3.76946645927 0.404115117291 0.0132242428126 -3.78857226602 0.139449819842 -0.0116806133201 4.2
-3.79519458412 0.0273816868138 -0.100689138979 -3.78447828787 0.0565054608209 -0.0581098777158 4.25
-3.79867141781 0.206538234215 0.0363190146281 -3.78244361536 0.179542090932 -0.0374059594753 4.3
-3.7749400024 -0.203041383504 0.209442066542 -3.77570202183 -0.12881260127 0.0588582144337 4.35
-3.74812199283 0.351303617683 -0.0820236757914 -3.76410373965 0.195436204245 0.00313690127688 4.4
-3.74812199283 0.351303617683 -0.0820236757914 -3.75468714739 0.335140577076 -0.0403017319343 4.45
-3.76667251882 -0.119566005322 -0.139381654948 -3.75163469293 0.0956189668631 -0.0985347357291 4.5
-3.71720519761 0.021051007417 0.427513262594 -3.73792638019 0.0496379902879 0.135329785994 4.55
-3.71997425065 -0.267347891504 0.20628695597 -3.7273884241 -0.139439739205 0.197692059372 4.6
-3.71997425065 -0.267347891504 0.20628695597 -3.71900423606 -0.251327316416 0.236182605271 4.65
-3.7178620289 0.0426673253273 -0.238865431078 -3.71202060087 -0.149172422322 0.0383342970307 4.7
-3.70896033028 0.00710550573884 0.33056764857 -3.70465153539 -0.0903177230272 0.170859045737 4.75
-3.70990127439 -0.0346942600875 -0.23641438024 -3.69929323028 -0.0662365814695 -0.113583327384 4.8
-3.68595182416 0.102689366546 0.35560809389 -3.68976294254 0.0228589824173 0.354934641272 4.85
-3.69567762764 -0.18415937151 0.13582455913 -3.68460882549 -0.0595494068524 0.185361145299 4.9
-3.65029088663 0.0605368128042 0.478222144535 -3.67016727199 0.00424449936623 0.477979978487 4.95
-3.67118312039 0.267976688103 -0.10460751036 -3.66340504067 0.150056572608 -0.0793481955064 5.0
-3.67577489329 0.193505520079 -0.0992260596615 -3.6594957977 0.21117252138 -0.162430929673 5.05
-3.65614319531 0.242255771786 0.039102613871 -3.65230157399 0.270369075536 -0.0126584993389 5.1
-3.65614319531 0.242255771786 0.039102613871 -3.64689249362 0.305321817013 0.0561846842915 5.15
-3.64096762626 -0.118101118172 0.258928310787 -3.63942489666 0.165637347218 0.261467508623 5.2
-3.63729291504 0.201197241619 -0.149325884933 -3.6328858178 0.197487899343 -0.0236480614183 5.25
-3.64055324477 0.123236568132 -0.0713412949238 -3.62880188473 0.185317845555 -0.0798474866545 5.3
-3.62284603642 -0.2695079938 0.00340420990937 -3.62185927839 0.00844922925957 -0.0466913838706 5.35
-3.62284603642 -0.2695079938 0.00340420990937 -3.61661408854 -0.1332158815 -0.0268192357144 5.4
-3.61507033717 0.159776025579 -0.0943480859682 -3.61099121194 -0.0459073406687 -0.0758780680825 5.45
-3.60495937378 -0.110315695607 -0.197576387522 -3.60446716229 -0.0948949934993 -0.162407758321 5.5
-3.59852764971 -0.116878019384 0.146857029491 -3.59802025187 -0.128132176525 -0.0165915482402 5.55
-3.56927600344 -0.364618397502 -0.0255896252177 -3.58620861333 -0.271243915492 -0.0165276800234 5.6
-3.57899157452 -0.136490424951 -0.303906922943 -3.57899168181 -0.244088189039 -0.157960943777 5.65
-3.58531757854 0.134916242603 -0.0627750827744 -3.5749984391 -0.0746696266772 -0.131487330134 5.7
-3.58531757854 0.134916242603 -0.0627750827744 -3.57230231118 0.0447708438338 -0.108948816785 5.75
-3.57417809556 0.155742229412 -0.0743601258371 -3.56805895438 0.134816180549 -0.0952688588444 5.8
-3.53492856538 -0.390977658356 -0.142242104891 -3.55575205434 -0.0767450513526 -0.117881586865 5.85
-3.56032433839 0.0772171541673 0.152247856641 -3.55178319198 -0.0023500419419 0.0171514432047 5.9
-3.55724749011 0.141295225559 0.0144402719807 -3.54833372888 0.0805953016937 0.0402866458865 5.95
-3.52037307006 0.396936957759 -0.164555056536 -3.53727640524 0.262306257975 -0.0360444105183 6.0
-3.51931362697 0.382790335701 -0.134151163414 -3.52809386847 0.37560496125 -0.0757217122316 6.05
-3.5339325554 0.11123504781 -0.328847601088 -3.52430127914 0.304601083993 -0.193349846435 6.1
-3.53492721868 0.165540798475 -0.00641721843575 -3.52197241282 0.269281507139 -0.129985421502 6.15
-3.52468312173 0.22865522366 -0.0520488974003 -3.51821925544 0.267222606958 -0.103467130517 6.2
-3.5155005124 0.228315434899 -0.122207523558 -3.51344484819 0.259098719267 -0.112782044872 6.25
-3.51289694401 0.22077731207 -0.0592763930314 -3.50932326235 0.244521846387 -0.0942643922595 6.3
-3.5019560298 -0.070869153583 0.275050778481 -3.50377237418 0.0890899099262 0.0465394692955 6.35
-3.5019560298 -0.070869153583 0.275050778481 -3.49956114653 -0.0207768210401 0.150791023997 6.4
-3.49899405946 0.130005407611 -0.250964110942 -3.49580327672 0.00323448330685 0.038801072336 6.45
-3.48156723662 0.275424135322 -0.287337264902 -3.48898413194 0.0985596567234 -0.0721420180933 6.5
-3.48417303041 0.243913646446 -0.0283908324083 -3.48424728102 0.158646557886 -0.0487878011981 6.55
-3.49265891261 0.23000934309 -0.000591299564281 -3.4827238941 0.197967230574 0.00134844411082 6.6
-3.48270796406 0.101248218101 -0.0303006760179 -3.479600458 0.162194915991 -0.010680792678 6.65
-3.45280815394 0.351756471703 0.0749860203313 -3.47030938076 0.260882332554 0.065891474336 6.7
-3.46660276809 0.288159835207 0.0415450021032 -3.46602428319 0.296548668965 0.073368355711 6.75
-3.45482625096 0.302850507943 -0.0370932369849 -3.46004031994 0.324182724406 0.023698604431 6.8
-3.45482625096 0.302850507943 -0.0370932369849 -3.45536920239 0.338729089384 -0.00447831454045 6.85
-3.43780729174 0.369295065768 0.118358223051 -3.44779727797 0.376024942492 0.0655647669763 6.9
-3.43379127606 0.373880060437 0.0438543950139 -3.44078936988 0.400122456714 0.0678173939183 6.95
-3.43720574972 0.279543893878 0.0967830272949 -3.4360556229 0.371803523401 0.0938694738736 7.0
-3.44038455302 0.222445412159 0.184969646377 -3.4332555059 0.32458955601 0.150622424388 7.05
-3.44038455302 0.222445412159 0.184969646377 -3.43137532997 0.288769182609 0.18699101832 7.1
-3.42474223837 0.268709169789 0.124807419905 -3.42655608466 0.279748886113 0.184403099974 7.15
-3.42474223837 0.268709169789 0.124807419905 -3.42287414532 0.27243790007 0.180290532144 7.2
-3.39760273399 0.392111011233 0.157036533084 -3.41372619968 0.311381245257 0.187808424079 7.25
-3.4055606821 0.303120943103 0.107204219045 -3.40815987798 0.309043452124 0.173068634931 7.3
-3.38158060472 0.410483803639 0.224083060341 -3.3981466684 0.342995242263 0.202226639125 7.35
-3.38158060472 0.410483803639 0.224083060341 -3.38997339785 0.368546270092 0.222881610434 7.4
-3.38786408624 0.381219178233 0.127981201185 -3.38493244287 0.378343298316 0.205315884673 7.45
-3.38985399785 0.266046663852 0.103070856869 -3.38161736501 0.349648763599 0.182276640286 7.5
-3.35916776068 0.453454423788 0.14613618033 -3.37203318559 0.382166052015 0.176467720651 7.55
-3.3513864759 0.437560774003 0.185176008248 -3.36243033569 0.402952427628 0.182747082701 7.6
-3.37862133786 0.326921610911 0.180582234892 -3.36116988927 0.387509381079 0.18561174886 7.65
-3.36083263802 0.323795329095 0.146221613634 -3.35649061746 0.373258067677 0.177329039274 7.7
-3.35936962728 0.335232469733 0.0899798228957 -3.35268766747 0.36403359126 0.154206091485 7.75
-3.34136261373 0.345540954537 0.118465792791 -3.34570728562 0.358663935414 0.142497974991 7.8
-3.34136261373 0.345540954537 0.118465792791 -3.34023278087 0.353812911813 0.132489603893 7.85
-3.33674564646 0.348062920271 0.238382938667 -3.33498147711 0.350103129869 0.155431493881 7.9
-3.33948639776 0.256310649556 0.194305399664 -3.33167298647 0.323478986123 0.163067050241 7.95
-3.31188080063 0.36266387562 0.266246252807 -3.32283684589 0.327500787156 0.187546405256 8.0
-3.31265397661 0.333281847352 0.171119733608 -3.31592522615 0.323696753241 0.184075896297 8.05
-3.31157982284 0.345494341246 0.245651274996 -3.31027351415 0.323539945645 0.199288812609 8.1
-3.29285273242 0.372526229598 0.227863014076 -3.30153106187 0.330143193648 0.207569899456 8.15
-3.29895362957 0.341424187535 0.254322126687 -3.29600502361 0.32844890815 0.220742764972 8.2
-3.29895362957 0.341424187535 0.254322126687 -3.2918487847 0.327148768493 0.23165095698 8.25
-3.28307675594 0.346401122054 0.261752566662 -3.28510732359 0.327414941412 0.242375638705 8.3
-3.27004911559 0.330796465627 0.198429901741 -3.27678376858 0.324123796169 0.235901638019 8.35
-3.27004911559 0.330796465627 0.198429901741 -3.27019004507 0.321504247531 0.229765668336 8.4
-3.26506631567 0.272348798666 0.202884368016 -3.26393533221 0.305537675928 0.225062993624 8.45
-3.26506631567 0.272348798666 0.202884368016 -3.25916560681 0.291977807771 0.220613162756 8.5
-3.25921185127 0.265545901446 0.22413611569 -3.25429745935 0.279001967843 0.221522997685 8.55
-3.24568142692 0.290516720127 0.255712065321 -3.24750958552 0.274208665699 0.229610554823 8.6
-3.22312566512 0.358620285023 0.37800060933 -3.23689900042 0.286896204848 0.265584711919 8.65
-3.22693605005 0.301563910558 0.254906682999 -3.22924037596 0.284948284676 0.267232152434 8.7
-3.21306900976 0.310049200628 0.291700944428 -3.21998160761 0.285792402376 0.276932187062 8.75
-3.22341484713 0.240066003073 0.253069635788 -3.21510046234 0.270346173996 0.2756615763 8.8
-3.19591171515 0.336566569879 0.354396160714 -3.20505087894 0.280413352589 0.298187644377 8.85
-3.19254673655 0.288200585624 0.293972075819 -3.19623647577 0.278200816549 0.302860351934 8.9
-3.17788757689 0.337136904264 0.268564039588 -3.18584031784 0.28840970531 0.300228074993 8.95
-3.17788757689 0.337136904264 0.268564039588 -3.17757316395 0.297730427242 0.297308654773 9.0
-3.17414105122 0.276567535678 0.195836414101 -3.17029626502 0.291735954575 0.276864609155 9.05
-3.17889298831 0.144919787442 0.310483000532 -3.16591274105 0.255408857345 0.285918943405 9.1
-3.17889298831 0.144919787442 0.310483000532 -3.16291779995 0.22412492781 0.293470985118 9.15
-3.16588910133 0.250004948246 0.19622481792 -3.15801814076 0.222507368846 0.272464906033 9.2
-3.16588910133 0.250004948246 0.19622481792 -3.15452279434 0.221851829818 0.253845594011 9.25
-3.14471656512 0.254788362091 0.241526105297 -3.14719838138 0.22314931843 0.248283477221 9.3
-3.14471656512 0.254788362091 0.241526105297 -3.14155187921 0.224973894295 0.243453376708 9.35
-3.1254311286 0.226717879221 0.191384834447 -3.13278251867 0.220530126703 0.227395052562 9.4
-3.11374163186 0.268446865176 0.165135841439 -3.12309503925 0.227192142476 0.207327594482 9.45
-3.11374163186 0.268446865176 0.165135841439 -3.11540380199 0.233573030155 0.190164812089 9.5
-3.11998758552 0.171792548705 0.180098726267 -3.11095479402 0.216632066054 0.179253134214 9.55
-3.10269999248 0.203444387279 0.143993842414 -3.10373544486 0.209849539264 0.161766993691 9.6
-3.08688513768 0.226446501045 0.164748267775 -3.09443880836 0.209934184943 0.152173025151 9.65
-3.07388204884 0.147263158624 0.317383176441 -3.08400775872 0.191706278512 0.18092343204 9.7
-3.0667915015 0.251386790839 0.139102758094 -3.07401534901 0.201108259137 0.164372535456 9.75
-3.0667915015 0.251386790839 0.139102758094 -3.06611741862 0.209872912756 0.150592182376 9.8
-3.05995690581 0.221615305262 0.178234052468 -3.05843862277 0.210891777609 0.148630651663 9.85
-3.04953732087 0.203278714524 0.215586247761 -3.05010423216 0.207790093837 0.156598469728 9.9
-3.04953732087 0.203278714524 0.215586247761 -3.04368090652 0.205422805246 0.164298185039 9.95
