3.69581896116 -0.84662073162 2.53272403906 1.46561545206 0.197763738677 90.011300854 3.65 -1 2.5 0 0 90 3.67824485939 -0.895083659644 2.53765725991 0.952070604497 0.20079081594 89.8112605512 35.404
3.69083061648 -0.888564519567 2.54708707096 0.841617247015 0.170848202408 89.9448377039 3.65 -1 2.5 0 0 90 3.67779821115 -0.920066290797 2.535946106 0.619634854345 0.222291035826 89.8129355375 35.616
3.67030684814 -0.978756834272 2.55340380434 -0.642953000722 0.277504871047 89.6907214027 3.65 -1 2.5 0 0 90 3.67568440473 -0.981344414409 2.53049875782 -0.363467766579 0.290199901732 89.816014391 35.808
3.67412517058 -1.00585997165 2.51723174427 -0.729545906429 0.258163125281 89.772502469 3.65 -1 2.5 0 0 90 3.67239422777 -1.02197593162 2.5239937695 -1.00873259933 0.248133443208 89.8126772419 36.02
3.66705049192 -1.0393627903 2.49561898514 -1.19673201369 0.194406002584 89.723445106 3.65 -1 2.5 0 0 90 3.66907951783 -1.04131313052 2.51568998688 -1.47240619232 0.226830046977 89.7938465975 36.2
3.69028497422 -1.04904748442 2.51198924532 -1.81065878508 0.125855108059 90.0901679828 3.65 -1 2.5 0 0 90 3.6648902637 -1.04916882475 2.5035663026 -1.71788749439 0.142076374439 89.7893201474 36.408
3.6918764866 -1.04679021869 2.50234249731 -1.87812309941 0.0930777572595 90.1679924452 3.65 -1 2.5 0 0 90 3.66160821186 -1.04507915588 2.49562081496 -1.74743996161 0.0703485342215 89.7878711587 36.62
3.69975568294 -1.0373274035 2.50756394234 -2.03069973192 0.184848997941 90.3139269366 3.65 -1 2.5 0 0 90 3.6582472231 -1.03066817783 2.49071669287 -1.72469493731 0.208680398917 89.7805648015 36.82
3.66275752243 -0.999309526662 2.4967955649 -1.6547427786 0.438308947816 89.8713747269 3.65 -1 2.5 0 0 90 3.65163198509 -0.992207974103 2.48595884035 -1.40987407803 0.517699649889 89.7588346116 37.212
3.6521696875 -0.975623955922 2.46211996163 -0.968051280902 0.601227891728 89.7663462717 3.65 -1 2.5 0 0 90 3.64528516791 -0.965558924779 2.48355999565 -1.13469475898 0.667019473348 89.738858417 37.416
3.6620320371 -0.950467692007 2.45921325503 -0.699950283184 0.599257024337 89.996989126 3.65 -1 2.5 0 0 90 3.63660030363 -0.939229263704 2.4851703011 -0.87134156796 0.430901353043 89.7227967972 37.608
3.64767643613 -0.920650773968 2.46634356553 -0.375313047882 0.148455346703 89.9211976027 3.65 -1 2.5 0 0 90 3.62892016676 -0.918732042903 2.48870292286 -0.544145596227 0.132614097118 89.7147118232 37.812
3.63386717175 -0.897027777359 2.46327095708 0.239025249513 -8.8784885338e-05 89.8312104498 3.65 -1 2.5 0 0 90 3.62129455116 -0.897496271532 2.49832831481 -0.174631691351 0.0219912174931 89.7037219677 38.008
3.63463977264 -0.886168667866 2.45659693211 0.627712746493 -0.00051983223095 89.882510425 3.65 -1 2.5 0 0 90 3.61579821528 -0.881364384912 2.51368184462 0.250379686975 0.0100170855137 89.6971980499 38.2
3.62299583434 -0.876601411391 2.50702749773 0.618771483455 -0.0743294968681 89.7877211535 3.65 -1 2.5 0 0 90 3.61254875235 -0.872743131856 2.52892201563 0.577676745014 -0.125149891926 89.6999669982 38.4
3.6363094309 -0.867995629612 2.53591882137 0.737032796615 -0.265873798588 90.0206423197 3.65 -1 2.5 0 0 90 3.61068790039 -0.868992319921 2.54616509426 0.691287155911 -0.269557907922 89.6894365967 38.604
3.62101642659 -0.864637100593 2.50256740393 1.58337441351 -0.339287239141 89.8043679987 3.65 -1 2.5 0 0 90 3.61069619833 -0.870238805738 2.56850494983 0.914526950777 -0.375872062175 89.6807639365 38.808
3.63189844024 -0.87675882563 2.58430064506 0.824571802823 -0.378346752465 89.9325380643 3.65 -1 2.5 0 0 90 3.61308154668 -0.877109231914 2.58695949814 1.09151453762 -0.374951627296 89.6628456365 39.0
3.64670944638 -0.884143650277 2.64113915411 0.377039365764 -0.421678974539 90.0847889097 3.65 -1 2.5 0 0 90 3.61649647121 -0.886747863137 2.59780465814 1.2441920078 -0.371656099847 89.6542638696 39.2
3.65795490819 -0.901528659606 2.63702353285 0.665203464101 -0.400049916992 90.1488282183 3.65 -1 2.5 0 0 90 3.62183024408 -0.902529209035 2.60759849319 1.13347916575 -0.34914553707 89.6450462726 39.4
3.66107592475 -0.910949524185 2.59612430437 1.25794245109 -0.280350659795 90.1223973048 3.65 -1 2.5 0 0 90 3.62784863873 -0.921147596823 2.60524809997 1.20308304941 -0.165010598248 89.6319400029 39.632
3.63341214226 -0.931089555757 2.59087789732 1.2447776307 -0.0904520234068 89.6210054878 3.65 -1 2.5 0 0 90 3.63243180256 -0.938164346486 2.59053726657 1.16066594491 -0.0159777239962 89.6189435303 39.816
3.66898470507 -0.954485349626 2.5732402472 0.961022280064 0.117633955856 90.0392619 3.65 -1 2.5 0 0 90 3.63594572635 -0.95614720102 2.56872736654 1.04500497744 0.134827879383 89.6088039474 40.0
3.64917279819 -0.971180480882 2.5416210743 1.02913455318 0.0555466768152 89.725728582 3.65 -1 2.5 0 0 90 3.63826527949 -0.978052176365 2.54183607241 0.888266832896 0.0388571904037 89.6112402128 40.212
3.65172800924 -0.994415377589 2.51397637029 0.867347456087 -0.117917819742 89.7516017472 3.65 -1 2.5 0 0 90 3.63954314715 -0.999296634912 2.51788484893 0.744088032066 -0.0677191576917 89.6192259024 40.4
3.66094273333 -1.00824813967 2.49260375076 0.785217971256 -0.0693206968068 89.8609022635 3.65 -1 2.5 0 0 90 3.64064683267 -1.01590490967 2.50191340027 0.622640749168 -0.044094111762 89.6093912058 40.632
3.65460318774 -1.02462751462 2.45176631843 0.941678284404 -0.113258486742 89.7428365045 3.65 -1 2.5 0 0 90 3.64192495565 -1.03393039754 2.48880746587 0.30414495887 -0.0881841373056 89.5986731108 40.824
3.65046916223 -1.04565938038 2.5017258791 -0.132936704262 -0.156082341294 89.6569005411 3.65 -1 2.5 0 0 90 3.64310614379 -1.0465546482 2.48390959189 0.146998639722 -0.146251163218 89.5961493359 41.016
3.66353714336 -1.04568230323 2.40639309208 1.15124885578 -0.049550150678 89.820900427 3.65 -1 2.5 0 0 90 3.64489360071 -1.05837093523 2.48705184357 0.0642966171086 -0.00919572203943 89.6021335359 41.204
3.64867830083 -1.05998019388 2.43704653718 0.763163135884 -0.0854188696718 89.5956365362 3.65 -1 2.5 0 0 90 3.64639082608 -1.06701695318 2.49834836851 -0.0467297556876 -0.0548508102159 89.6066131335 41.42
3.63014296687 -1.06754179446 2.46787755631 0.330490220128 -0.0225306232644 89.3212025058 3.65 -1 2.5 0 0 90 3.64727676163 -1.07114863763 2.5073087579 -0.177087638121 0.0169743451328 89.6089729731 41.6
3.66062555143 -1.07426668489 2.53462265496 -0.401962865271 0.0152439021202 89.7372209002 3.65 -1 2.5 0 0 90 3.64826610198 -1.07516422485 2.53446942289 -0.172443331694 0.0164325751835 89.6081991949 41.804
3.68177714596 -1.0754304273 2.55017773055 -0.167679890123 -0.121292580656 90.0266983455 3.65 -1 2.5 0 0 90 3.64861924506 -1.07613149638 2.55874665359 -0.158950216824 -0.143543674393 89.6106629042 42.024
3.69670840806 -1.07689772678 2.58304147435 -0.31517985554 -0.148928900452 90.2335910366 3.65 -1 2.5 0 0 90 3.64942782488 -1.07602770898 2.58088398238 -0.201294986648 -0.161501496493 89.6242092073 42.212
3.66610840493 -1.07818367749 2.63826280151 -0.997269048271 0.076164652532 89.8140253212 3.65 -1 2.5 0 0 90 3.65099380698 -1.07462036709 2.59609046471 -0.358158823349 0.136798297094 89.6491683004 42.408
3.66971034499 -1.07260668685 2.59202877872 -0.343843567286 0.509176303259 89.867474265 3.65 -1 2.5 0 0 90 3.65135949256 -1.07139241482 2.59850316347 -0.366934024184 0.558597492682 89.6612430696 42.62
3.66079645574 -1.07341248989 2.66792034398 -1.51851419842 0.664261561612 89.7890709818 3.65 -1 2.5 0 0 90 3.64971205374 -1.06835897277 2.59267639011 -0.373478934571 0.699624589045 89.6581469658 42.804
3.67261478114 -1.06903449051 2.65126806269 -1.4159664768 0.57544575624 89.9959955642 3.65 -1 2.5 0 0 90 3.64422022024 -1.06297867019 2.57204267593 -0.321348754489 0.539295714641 89.6463078045 43.004
3.65309192255 -1.05879230709 2.57983316738 -0.771758318184 0.309329417911 89.8226555378 3.65 -1 2.5 0 0 90 3.63680901871 -1.05712972462 2.54493377018 -0.271856221113 0.324757498082 89.6487714408 43.208
3.66083825794 -1.05633030886 2.56542066658 -0.83832371027 0.267473875482 90.0109464101 3.65 -1 2.5 0 0 90 3.63061096326 -1.05225704096 2.51335400211 -0.171452156938 0.261449936322 89.6576989612 43.4
3.62474145684 -1.04379859544 2.44592731021 0.207440336457 0.236657737843 89.6140123471 3.65 -1 2.5 0 0 90 3.62251727596 -1.04616179143 2.46155866585 -0.147939960986 0.237999161311 89.6610470869 43.612
3.63063712566 -1.04264289629 2.41397911008 0.128845396128 0.266154834891 89.7973856218 3.65 -1 2.5 0 0 90 3.61709266238 -1.04235717556 2.42778029201 -0.0837229953951 0.299864912813 89.6707743602 43.808
3.61311466935 -1.03574692476 2.36773060844 0.419067292539 0.255864736855 89.6299769264 3.65 -1 2.5 0 0 90 3.61062948493 -1.03850506156 2.39855624806 -0.0539217195401 0.237418046332 89.668392259 44.016
3.60863627673 -1.03373594188 2.36664330069 0.261924034959 0.0791682759264 89.6437411572 3.65 -1 2.5 0 0 90 3.6054460909 -1.03592261298 2.39131264151 -0.0106640816313 0.0392127385504 89.6634992558 44.208
3.62414247627 -1.02586426639 2.32748309013 1.03721708037 -0.0660622772458 89.9387741746 3.65 -1 2.5 0 0 90 3.60067158535 -1.03360648253 2.40255367994 0.0938808860826 -0.128818113505 89.6674520378 44.408
3.60862897472 -1.03207175591 2.41458805896 0.124919103064 -0.246367681974 89.7695771232 3.65 -1 2.5 0 0 90 3.59840984161 -1.03261162257 2.42534784933 0.0848023495981 -0.248506280161 89.6768886659 44.612
3.62202461504 -1.03332699143 2.43903585276 0.277689933473 -0.2298073427 89.9822958815 3.65 -1 2.5 0 0 90 3.59796047416 -1.03235294945 2.4650418686 0.122165343718 -0.191904942521 89.6911747142 44.808
3.61833580814 -1.02862493585 2.43751075245 1.02682468005 -0.116614409494 89.93247317 3.65 -1 2.5 0 0 90 3.59901707567 -1.03296314371 2.51373893124 0.144398972667 -0.139919799203 89.7069102076 45.012
3.60114109053 -1.03468742371 2.55267474393 -0.190109689463 -0.117134082403 89.6812950996 3.65 -1 2.5 0 0 90 3.60030660171 -1.03407881445 2.5514425229 0.173749604048 -0.105462032299 89.7082013546 45.216
3.63249950606 -1.03636593706 2.5438638273 0.521993651931 -0.0294083294299 90.0971055741 3.65 -1 2.5 0 0 90 3.60174820177 -1.03568689506 2.58481613218 0.0690609442127 -0.0376611199603 89.7063801515 45.4
3.64112320183 -1.03642543569 2.57457386701 0.446181098541 -0.129999221752 90.2034523481 3.65 -1 2.5 0 0 90 3.60334488949 -1.03757971066 2.61834676447 -0.00133607012951 -0.151179244864 89.7081231587 45.62
3.62776402733 -1.03866173888 2.59091365152 0.58104994123 -0.194380022922 89.9850991473 3.65 -1 2.5 0 0 90 3.60536573601 -1.03890916463 2.63669103396 0.0147721906895 -0.168090823834 89.7128106286 45.804
3.63653851821 -1.04053433422 2.62476776212 0.189683316096 -0.119458257016 90.0809654801 3.65 -1 2.5 0 0 90 3.60787196009 -1.0398109608 2.6433197772 -0.0286381575324 -0.0421266944425 89.7143070139 46.016
3.64381055752 -1.04118780502 2.64182650957 -0.0734442755002 0.0349748383766 90.1548722688 3.65 -1 2.5 0 0 90 3.61000240855 -1.04029291559 2.64090728141 -0.0121872604729 0.0187655422084 89.7003214131 46.216
3.59809672377 -1.04118377049 2.61218384381 0.274773949795 -0.0190905218886 89.4699142727 3.65 -1 2.5 0 0 90 3.61096538484 -1.0404139429 2.63483661377 -0.0472187329234 -0.0349915468791 89.6949194858 46.408
3.62763694208 -1.04206647005 2.62519952742 -0.289042352335 -0.106973362588 89.8585798121 3.65 -1 2.5 0 0 90 3.61221740158 -1.04023962298 2.61683520441 -0.155955124818 -0.112071788238 89.6880679091 46.632
3.64897062509 -1.04101435511 2.60635816931 -0.293950788505 -0.279445648837 90.1450213265 3.65 -1 2.5 0 0 90 3.61389130706 -1.03929595143 2.5897086367 -0.156879405192 -0.357714877732 89.6898573144 46.816
3.63875172642 -1.03952725944 2.56778037656 -0.161207588854 -0.466920488682 89.9770300134 3.65 -1 2.5 0 0 90 3.61645358552 -1.03802122292 2.5628315234 -0.201566573569 -0.453350143497 89.6970502798 47.008
3.64734834747 -1.03728644449 2.49272815871 -0.0553108180089 -0.116785808307 89.9517699006 3.65 -1 2.5 0 0 90 3.62669298726 -1.0333414016 2.4900715484 -0.145200908994 -0.0533248635762 89.6795041322 47.412
3.65297951586 -1.02427238933 2.38868346287 0.999338849556 -0.0319389742868 89.9682028446 3.65 -1 2.5 0 0 90 3.63039342943 -1.03123277127 2.4625061872 -0.20656630826 -0.0124421535805 89.6747510145 47.612
3.64660492056 -1.02892130638 2.41549104814 0.169173192175 -0.0289352530614 89.828100948 3.65 -1 2.5 0 0 90 3.63319768443 -1.02878678527 2.43880663975 -0.155343488853 -0.0322639400389 89.6784521858 47.832
3.65508833282 -1.0240779958 2.42718938948 -0.235300744422 -0.0229873171129 89.9139126677 3.65 -1 2.5 0 0 90 3.63570537239 -1.02556348229 2.42512838379 -0.146245363467 0.00283508165988 89.6812667142 48.008
3.68056769479 -1.02593221882 2.45319424811 -0.421296959591 0.0228217386847 90.2457632299 3.65 -1 2.5 0 0 90 3.63721755729 -1.0228239021 2.43078464136 -0.0255507436271 0.011247011847 89.676355812 48.212
3.65513637064 -1.02283795685 2.41734030486 0.240446650153 0.0243039713239 89.8614294795 3.65 -1 2.5 0 0 90 3.63841924853 -1.02020484415 2.44820900662 -0.12059114151 0.0166562062241 89.665893454 48.4
3.62669211781 -1.01750592526 2.45902303527 -0.20591631982 0.034560128039 89.4471741056 3.65 -1 2.5 0 0 90 3.63898862739 -1.01813309761 2.46526377305 -0.177157235672 0.15494416974 89.6638351383 48.6
3.661384142 -1.01623833367 2.47847946961 -0.254222858493 0.275176840217 89.9355442655 3.65 -1 2.5 0 0 90 3.6385666838 -1.01524239353 2.48524391828 -0.202753846757 0.271072872622 89.66719329 48.816
3.67978446455 -1.01232447849 2.47808876689 0.123891225608 0.248856935203 90.2213298214 3.65 -1 2.5 0 0 90 3.63694426685 -1.01249128438 2.50320159868 -0.0763196638102 0.12490753469 89.6765805607 49.0
3.65068611709 -1.01497798392 2.53847678064 -0.409367880166 -0.0530755499344 89.8534832404 3.65 -1 2.5 0 0 90 3.63464192956 -1.00955100534 2.52368428878 -0.0432345989772 -0.0898825414944 89.6868511943 49.232
3.65484853305 -1.00901682228 2.55237047214 -0.337497054644 0.0677925452597 89.9457342517 3.65 -1 2.5 0 0 90 3.63333310319 -1.00721046848 2.54193593067 -0.0584029337993 0.217051800384 89.6890547616 49.408
3.65393384 -1.00701648316 2.5539521639 -0.146313178312 0.358474671537 89.9466781294 3.65 -1 2.5 0 0 90 3.63173957371 -1.00550049678 2.55462659451 -0.097399811524 0.351653993689 89.6791987742 49.608
3.65522113918 -1.00842368346 2.59381316565 -0.645774989513 0.374544682875 89.9902715756 3.65 -1 2.5 0 0 90 3.62815576362 -1.00345651472 2.56164609347 -0.0438809867212 0.391621638727 89.6625388939 49.816
3.63760785705 -0.999606684882 2.54710967939 0.194261255292 0.395223001011 89.7912031284 3.65 -1 2.5 0 0 90 3.62303404853 -1.0016418172 2.56038687584 0.0260383733194 0.375924157683 89.6469245356 50.048
3.62347302808 -1.00232301456 2.56830661044 -0.175320451401 0.348551436697 89.6487004192 3.65 -1 2.5 0 0 90 3.61798638235 -1.00067466915 2.55373289872 0.0427575407996 0.355734840888 89.6371001085 50.204
3.64498276011 -1.00498377691 2.56871910085 -0.383928379934 0.471064926771 90.030713884 3.65 -1 2.5 0 0 90 3.61251713043 -1.0001301084 2.5410604492 0.0111940858041 0.43665018443 89.6302390588 50.428
3.62050860432 -1.00056333228 2.52287767514 0.0303684214565 0.321069839868 89.7721497806 3.65 -1 2.5 0 0 90 3.60647196038 -0.999810728149 2.52671114919 0.0119571730534 0.284941317121 89.6236692139 50.608
3.6069053873 -1.0003334457 2.51092487964 -0.0628582412808 0.148656054326 89.6655248533 3.65 -1 2.5 0 0 90 3.59841281392 -0.999519750018 2.50593749155 0.0271276570608 0.15170311682 89.6185964473 50.812
3.59364768589 -0.996474348603 2.47014824888 0.342134756281 0.207300041812 89.5569413964 3.65 -1 2.5 0 0 90 3.59267577561 -0.999388967332 2.48973771896 0.0675933639524 0.130215016248 89.6262501853 51.04
3.61071861008 -0.999431185352 2.47441179639 0.164368120693 -0.0653332274191 89.887448588 3.65 -1 2.5 0 0 90 3.58854930029 -0.999619314967 2.48018503275 0.0928822568153 -0.127966703137 89.6355628835 51.204
3.61406015288 -1.00003256081 2.46768025828 0.177241423247 -0.233343520711 89.9778749969 3.65 -1 2.5 0 0 90 3.58590059989 -1.00024424194 2.47489278359 0.142322734971 -0.23372018456 89.638959872 51.4
3.62888441839 -0.99872073104 2.44074264819 0.578479122184 -0.301098531742 90.229198379 3.65 -1 2.5 0 0 90 3.58502834789 -1.00159029055 2.4752541123 0.158687576582 -0.257195930317 89.6446455816 51.608
3.6127717223 -1.0028759749 2.45890176696 0.412080752519 -0.258097220017 89.989859685 3.65 -1 2.5 0 0 90 3.5858807434 -1.00319923683 2.48041107717 0.176336430038 -0.188614596982 89.6441795855 51.804
3.58088695783 -1.00819078577 2.51861520337 -0.383873836827 -0.0814192964783 89.5142926769 3.65 -1 2.5 0 0 90 3.58771260293 -1.00558847189 2.49229220902 0.142486690561 0.0527965822217 89.6419235628 52.008
3.61076071886 -1.01285005296 2.5367531572 -0.315159400273 0.0246485671391 89.9176745331 3.65 -1 2.5 0 0 90 3.58887021673 -1.0082713094 2.51014357578 0.149246619577 0.0037339205603 89.650621969 52.204
3.62187489035 -1.01292105803 2.54496139953 -0.237572814142 -0.0963304252092 90.0660617121 3.65 -1 2.5 0 0 90 3.58938987961 -1.01076090768 2.52447954968 0.157388463101 -0.198299824346 89.653101588 52.416
3.60821658491 -1.01639326679 2.54861524476 -0.189891779204 -0.431270758539 89.8569036896 3.65 -1 2.5 0 0 90 3.59058045561 -1.01338624365 2.53309675428 0.0856526610578 -0.420036830416 89.653167651 52.604
3.61404499277 -1.01779291005 2.52879473123 0.115343008207 -0.311488801777 89.9124679908 3.65 -1 2.5 0 0 90 3.59399979436 -1.01626784786 2.53529520544 0.102450686942 -0.25717931699 89.664139235 52.808
3.65381050475 -1.01853194753 2.50398532468 0.448943460712 -0.148695738818 90.4247341819 3.65 -1 2.5 0 0 90 3.59753074497 -1.01841165604 2.53147501294 0.114884223447 -0.169423148348 89.6739956191 53.008
3.61330824875 -1.01929167761 2.50876864135 0.284591318361 -0.178433293886 89.8094307025 3.65 -1 2.5 0 0 90 3.60163508208 -1.02088092785 2.52414153837 0.105939947341 -0.176419691874 89.6807242393 53.204
3.62630030273 -1.02818035651 2.57556737482 -0.79202978718 -0.0336859271875 89.9186862022 3.65 -1 2.5 0 0 90 3.60554722307 -1.02325929704 2.51901945857 0.0626064140997 -0.0300216140919 89.6745541788 53.42
3.59358158476 -1.01887248635 2.46487884086 0.735235512673 -0.00393264272717 89.4309849335 3.65 -1 2.5 0 0 90 3.60819322045 -1.02502917464 2.51847495405 0.034736201967 0.0468704310102 89.6746595357 53.6
3.64098182517 -1.02720092131 2.54031568591 -0.297322337041 -0.0708312665581 90.0585087387 3.65 -1 2.5 0 0 90 3.61002051153 -1.02651999948 2.51948105965 0.0502558871345 -0.0323384223764 89.6570815435 53.8
3.62448118901 -1.03000954424 2.52380618697 -0.103528771493 -0.239991502001 89.7903157649 3.65 -1 2.5 0 0 90 3.6118454371 -1.02810958445 2.51567752061 0.0553545935943 -0.278143392141 89.6545879073 54.0
3.62782741871 -1.02625239589 2.48685888093 0.468859134826 -0.338772154851 89.8116968479 3.65 -1 2.5 0 0 90 3.6146363076 -1.02966858 2.5165564861 0.0886898867463 -0.313814720835 89.6659690706 54.204
3.61719023715 -1.03361110173 2.53958668593 -0.384813841468 -0.139039370732 89.6116579073 3.65 -1 2.5 0 0 90 3.61865932719 -1.03128865719 2.51626228758 -0.010235174108 -0.0951253234054 89.6732510037 54.428
3.63180162893 -1.03156561306 2.51405864568 0.0207630540045 -0.0843801378476 89.7890814021 3.65 -1 2.5 0 0 90 3.62176993273 -1.03226215944 2.51618555092 0.0502057396844 -0.076302399186 89.682902622 54.616
3.65092737761 -1.03347332516 2.48302363888 0.468361072132 -0.152385607861 90.0074622328 3.65 -1 2.5 0 0 90 3.62497388189 -1.03328450701 2.51814393521 0.0140178022762 -0.147983074106 89.6845730116 54.804
3.64998673364 -1.03198631261 2.47530395121 0.577386250503 -0.127909125332 89.9725955515 3.65 -1 2.5 0 0 90 3.62761134391 -1.03399945403 2.51769125865 0.0207845009311 -0.115585235661 89.6937363889 55.008
3.64110642073 -1.03085149405 2.478072483 0.433609470572 -0.0499834954217 89.8159549883 3.65 -1 2.5 0 0 90 3.63009396737 -1.03455610621 2.51771922546 -0.0814041176416 0.00111336843577 89.7039196635 55.204
3.6304818071 -1.03470279192 2.56026455075 -0.663190760145 0.0735721123888 89.6567065311 3.65 -1 2.5 0 0 90 3.6322682917 -1.03464824583 2.52286040596 -0.0834284492187 0.0987919890742 89.7269291778 55.4
3.64920322723 -1.03164691596 2.49999579115 0.342587058288 0.144936317594 89.9205759593 3.65 -1 2.5 0 0 90 3.63303744318 -1.03434743101 2.53148686239 -0.0424237631792 0.146513249629 89.741326697 55.604
3.6283123099 -1.02826093019 2.53737001112 0.0414919385382 0.00865217549847 89.6369903775 3.65 -1 2.5 0 0 90 3.63273874727 -1.03374174672 2.54455105984 -0.0223603302196 -0.0293744655021 89.7479016797 55.8
3.63330525882 -1.03073482618 2.52745225932 0.136749746239 -0.0807954850979 89.7070724728 3.65 -1 2.5 0 0 90 3.63247301654 -1.03333219459 2.54756227749 -0.127246621772 -0.0421298336123 89.7379317122 56.02
3.63692430934 -1.03627692267 2.5958130187 -0.818885953081 -0.0941446074312 89.7524314463 3.65 -1 2.5 0 0 90 3.63248142829 -1.03253716886 2.54895549587 -0.0980863038399 -0.0793648342321 89.737012154 56.212
3.66027857199 -1.03283554782 2.55328160925 -0.229349656928 -0.168562610822 90.0775727337 3.65 -1 2.5 0 0 90 3.63300704236 -1.03119631559 2.54813573213 -0.105263578403 -0.167535207 89.7402555375 56.416
3.69220651512 -1.03392834749 2.58840890066 -0.778878921527 -0.150533663595 90.5261322783 3.65 -1 2.5 0 0 90 3.63416305739 -1.02981020245 2.54481086164 -0.111235282105 -0.165802362665 89.7562907816 56.6
3.66314793387 -1.02498515942 2.46896689265 0.778411640125 -0.0765959176066 90.1100809984 3.65 -1 2.5 0 0 90 3.63612682893 -1.02791068907 2.53166011116 -0.137129128006 0.0249305436165 89.7711425288 56.812
3.6419791773 -1.0269111508 2.52213063643 -0.293265864503 0.258291230903 89.8030199298 3.65 -1 2.5 0 0 90 3.6374481683 -1.02565572476 2.51363504672 -0.206702957088 0.372165184482 89.7816775895 57.0
3.66535393503 -1.02295253036 2.48072920641 0.0601184471322 0.553474779384 90.1339879987 3.65 -1 2.5 0 0 90 3.63661771237 -1.02328882866 2.49769159677 -0.129823602059 0.543194359375 89.779639531 57.208
3.66556712564 -1.01933480584 2.47211011097 0.146302507224 0.413702586483 90.1752577905 3.65 -1 2.5 0 0 90 3.63263246466 -1.02036084545 2.49058028904 -0.0576926084049 0.367944848982 89.7677794803 57.424
3.64214654627 -1.01577254311 2.45335020929 0.487577778216 0.284662246513 89.8963545637 3.65 -1 2.5 0 0 90 3.62805375864 -1.0183006124 2.49096659903 0.00707349415292 0.282596200345 89.7573457069 57.604
3.66016326002 -1.0166931029 2.49379773627 0.00977495419853 0.227183146834 90.233647465 3.65 -1 2.5 0 0 90 3.62228152247 -1.01655070887 2.49606397268 0.0302997011314 0.2389478954 89.7516224093 57.808
3.63893929634 -1.01439861848 2.48615417014 0.252206961553 0.249203249392 89.982489797 3.65 -1 2.5 0 0 90 3.61753047984 -1.01567574768 2.50322123694 0.105030853847 0.211551263425 89.7431619056 58.012
3.61395107946 -1.01712013751 2.53447907447 -0.288243080224 0.0718218333055 89.7059103745 3.65 -1 2.5 0 0 90 3.61211236914 -1.01546527838 2.51512794204 0.0717638426237 0.13306148658 89.7380376269 58.224
3.65032644915 -1.01824202322 2.51623048152 0.138371929339 0.105747971297 90.2820696892 3.65 -1 2.5 0 0 90 3.6074562652 -1.01588428041 2.52526037459 0.125846117746 0.0699809570302 89.7411759967 58.408
3.59145488104 -1.01801693358 2.54667049888 -0.171213388132 -0.0512610961283 89.5052893285 3.65 -1 2.5 0 0 90 3.60423450081 -1.0167159613 2.53058741715 0.0945885243087 -0.0748018534041 89.7498433154 58.6
3.63463617599 -1.01879095304 2.53775949333 -0.142130141583 -0.107654315758 90.1639079342 3.65 -1 2.5 0 0 90 3.60179495055 -1.01801304783 2.53036820971 -0.0105390611709 -0.0617721245117 89.7530677832 58.8
3.60908335953 -1.01502070915 2.46695847879 0.807738596702 -0.0793371130515 89.8180230797 3.65 -1 2.5 0 0 90 3.60079469332 -1.01882838672 2.52610106856 -0.0334666036309 -0.138366136778 89.7502168104 59.008
3.62169480341 -1.02316194869 2.54099907635 -0.37396471675 -0.252973930126 90.0070820458 3.65 -1 2.5 0 0 90 3.60069284543 -1.0193706558 2.51644824829 -0.0359063806028 -0.312896035175 89.7547743317 59.224
3.64545247227 -1.0223841176 2.52564560013 -0.243226131631 -0.261706743302 90.3204688961 3.65 -1 2.5 0 0 90 3.60248477837 -1.01957356567 2.50718372508 0.0752937456968 -0.268456410102 89.7498414487 59.4
3.61077530896 -1.02470625566 2.54145170051 -0.504356431548 -0.347607077365 89.7910826802 3.65 -1 2.5 0 0 90 3.60442829227 -1.01986311412 2.50500637528 0.0673049401755 -0.307130028225 89.7456855501 59.616
3.65511300061 -1.01965696959 2.47139271083 0.391035999703 -0.149855114224 90.36641692 3.65 -1 2.5 0 0 90 3.60887128293 -1.02063674491 2.49851065355 0.0348828488954 -0.0762983024283 89.7379906322 59.832
3.59120873399 -1.02101474544 2.4863312597 0.102071624064 -0.191439669014 89.4073749849 3.65 -1 2.5 0 0 90 3.61186869692 -1.02122083769 2.49045595108 0.0442384049822 -0.192051408754 89.7327042941 60.012
3.66004121357 -1.02302355771 2.47693252644 -0.00318110309268 -0.160639162958 90.3278654733 3.65 -1 2.5 0 0 90 3.61545603187 -1.02194425056 2.47926810854 -0.0277441453448 -0.165008491014 89.7297695114 60.212
3.62677298667 -1.01942595538 2.44808711978 0.409017888559 -0.317908818773 89.792453792 3.65 -1 2.5 0 0 90 3.61854616534 -1.02232698633 2.47537918445 0.0802266586056 -0.334691691453 89.7176048096 60.408
3.64282442638 -1.02226934207 2.46304656232 0.209255992448 -0.457925731904 89.9611210183 3.65 -1 2.5 0 0 90 3.62319532303 -1.02306227308 2.47595849374 0.0899826558583 -0.423840170367 89.7043729843 60.608
3.60720947576 -1.02396420106 2.49145646339 -0.133981741247 -0.348689263122 89.3776191053 3.65 -1 2.5 0 0 90 3.62822151404 -1.02397014145 2.48027412336 0.150116188566 -0.26506987922 89.6969540521 60.808
3.64575478522 -1.02837918969 2.51459043029 -0.303307668631 -0.283395188376 89.8436222085 3.65 -1 2.5 0 0 90 3.63437955347 -1.02560410617 2.49123902155 0.107089950501 -0.285147828141 89.7142934271 61.008
3.66460822836 -1.02810658508 2.47835145866 0.305559134909 -0.456446957695 90.0494918984 3.65 -1 2.5 0 0 90 3.6395329438 -1.02722638775 2.50223667191 0.0270183771155 -0.518031319596 89.7288266759 61.212
3.66125325563 -1.02996527896 2.51805178922 -0.14939975848 -0.6824167444 89.9071410004 3.65 -1 2.5 0 0 90 3.64702075453 -1.02885853311 2.51218831171 -0.0187472079429 -0.671415071163 89.7386387988 61.412
3.67077086619 -1.03292155934 2.52708373683 -0.285230087759 -0.477670719499 89.929067467 3.65 -1 2.5 0 0 90 3.65483663211 -1.02975066499 2.51689637802 -0.083338207204 -0.461874708413 89.7461403361 61.608
3.66402239793 -1.03110359709 2.52433767017 -0.1536488662 -0.339008086639 89.7342608597 3.65 -1 2.5 0 0 90 3.66454617966 -1.03006669474 2.52346730095 -0.0802772654532 -0.31535676358 89.7500067417 61.812
3.69243504099 -1.03067318831 2.5315992897 -0.237722080431 -0.245167132872 90.0160419789 3.65 -1 2.5 0 0 90 3.67339714445 -1.02973601616 2.5271394165 -0.107058338698 -0.215448750513 89.7568164064 62.004
3.71060181854 -1.02341649876 2.47573374853 0.564584676097 -0.258173507446 90.1683446633 3.65 -1 2.5 0 0 90 3.67988865838 -1.02895036396 2.52730362505 -0.117346937553 -0.24838517078 89.7551726302 62.208
