-0.243546275911 -0.115079965546 0.285483100048 -0.243546275911 -0.115079965546 0.285483100048 0.0
-0.243546275911 -0.115079965546 0.285483100048 -0.243546275911 -0.115079965546 0.285483100048 0.025
-0.244990199185 -0.117404699777 0.300231957479 -0.244052866071 -0.115895581935 0.297668811321 0.05
-0.244990199185 -0.117404699777 0.300231957479 -0.244347199411 -0.116369462233 0.301655187889 0.075
-0.244990199185 -0.117404699777 0.300231957479 -0.244560971931 -0.116713638619 0.303024555167 0.1
-0.244990199185 -0.117404699777 0.300231957479 -0.244730106522 -0.116985947391 0.303195149594 0.125
-0.244990199185 -0.117404699777 0.300231957479 -0.244864921187 -0.117203000659 0.302646357139 0.15
-0.249209807001 -0.122121326651 0.339915520847 -0.246079119658 -0.118611699095 0.323460516532 0.175
-0.249209807001 -0.122121326651 0.339915520847 -0.247095076618 -0.119785798018 0.336474622208 0.2
-0.250879024332 -0.124192730739 0.359170863715 -0.248351293143 -0.12127070296 0.354020763335 0.225
-0.250879024332 -0.124192730739 0.359170863715 -0.249364025105 -0.122465901052 0.363827001065 0.25
-0.250879024332 -0.124192730739 0.359170863715 -0.250166529265 -0.123411481783 0.368534731672 0.275
-0.250879024332 -0.124192730739 0.359170863715 -0.25079466506 -0.124150354662 0.370141572201 0.3
-0.253149495611 -0.127230590467 0.38530490721 -0.251805764049 -0.125423383147 0.382354702189 0.325
-0.254146643282 -0.128541294611 0.395549046683 -0.252838158337 -0.126737223722 0.394190657336 0.35
-0.254146643282 -0.128541294611 0.395549046683 -0.253669879135 -0.127797539111 0.401255252712 0.375
-0.254146643282 -0.128541294611 0.395549046683 -0.254337350833 -0.12865018696 0.405139203299 0.4
-0.254146643282 -0.128541294611 0.395549046683 -0.254869884586 -0.129332135717 0.406916137291 0.425
-0.256180636807 -0.132377995171 0.420501161337 -0.255693243549 -0.130632042946 0.416893020674 0.45
-0.256180636807 -0.132377995171 0.420501161337 -0.256367115722 -0.13170804351 0.423426689887 0.475
-0.256180636807 -0.132377995171 0.420501161337 -0.256914306531 -0.132594321243 0.427501042719 0.5
-0.257546089048 -0.135422454574 0.442615226435 -0.257606480968 -0.133883443481 0.437399902742 0.525
-0.257546089048 -0.135422454574 0.442615226435 -0.258173971495 -0.134963668312 0.444257994602 0.55
-0.257546089048 -0.135422454574 0.442615226435 -0.258632360855 -0.135861212745 0.448847916196 0.575
-0.257546089048 -0.135422454574 0.442615226435 -0.25899438982 -0.136597337313 0.451742067411 0.6
-0.259445866478 -0.137645520971 0.468171578146 -0.259608920835 -0.137585369087 0.461049221133 0.625
-0.259445866478 -0.137645520971 0.468171578146 -0.260112621044 -0.138404314835 0.467845785942 0.65
-0.261283199844 -0.139057847457 0.487764999094 -0.260841601434 -0.139320545156 0.478245718603 0.675
-0.261283199844 -0.139057847457 0.487764999094 -0.261449567921 -0.140074953925 0.486055529638 0.7
-0.261283199844 -0.139057847457 0.487764999094 -0.261947705261 -0.140682630735 0.491800634462 0.725
-0.263389070349 -0.140186682094 0.510025035614 -0.262718696787 -0.141357241984 0.5017614086 0.75
-0.263389070349 -0.140186682094 0.510025035614 -0.263365082787 -0.14189390482 0.509385897461 0.775
-0.265306590829 -0.142942310007 0.527745574673 -0.264237469491 -0.142794540671 0.519581294641 0.8
-0.265306590829 -0.142942310007 0.527745574673 -0.264974718153 -0.14353828979 0.527483919179 0.825
-0.265306590829 -0.142942310007 0.527745574673 -0.265588384701 -0.144139840322 0.533482677364 0.85
-0.267067244688 -0.145247123581 0.546698345499 -0.266401862948 -0.145021982939 0.54245330863 0.875
-0.267067244688 -0.145247123581 0.546698345499 -0.267084157776 -0.145750738089 0.549421380879 0.9
-0.267067244688 -0.145247123581 0.546698345499 -0.267647424301 -0.146341204602 0.554695589578 0.925
-0.269419803901 -0.14893163467 0.565059243324 -0.268517987127 -0.147457101628 0.562796017164 0.95
-0.269419803901 -0.14893163467 0.565059243324 -0.269251840081 -0.148399084049 0.569091684387 0.975
-0.270649012171 -0.150241734371 0.585300312796 -0.270076980552 -0.149412851875 0.578459631509 1.0
-0.270649012171 -0.150241734371 0.585300312796 -0.270769677046 -0.150262542297 0.585884735641 1.025
-0.270649012171 -0.150241734371 0.585300312796 -0.271343221679 -0.150964780631 0.591622015647 1.05
-0.272596379164 -0.152603562733 0.605089984118 -0.272145064999 -0.151941420163 0.600346081962 1.075
-0.272596379164 -0.152603562733 0.605089984118 -0.272818506969 -0.152760250348 0.607240740539 1.1
-0.274415472639 -0.153098005029 0.620432676498 -0.27368546456 -0.15352158425 0.615965180731 1.125
-0.274415472639 -0.153098005029 0.620432676498 -0.274418719035 -0.154148396195 0.622865847706 1.15
-0.27571727105 -0.154032732554 0.636402845598 -0.275249635437 -0.154811728412 0.631724998515 1.175
-0.27571727105 -0.154032732554 0.636402845598 -0.275951484035 -0.155353226458 0.638744643706 1.2
-0.27571727105 -0.154032732554 0.636402845598 -0.276537444634 -0.155786352059 0.644142362495 1.225
-0.27571727105 -0.154032732554 0.636402845598 -0.277019631047 -0.156123387337 0.648120100663 1.25
-0.277719981438 -0.155701400998 0.651840354094 -0.277734367388 -0.156646486759 0.654303187285 1.275
-0.277719981438 -0.155701400998 0.651840354094 -0.278335261064 -0.157068729377 0.659009256959 1.3
-0.277719981438 -0.155701400998 0.651840354094 -0.278833847557 -0.157401216408 0.662426929012 1.325
-0.278234064377 -0.15852429728 0.678186090383 -0.27932240436 -0.15810291763 0.670598169132 1.35
-0.280879671072 -0.159774954448 0.692250859591 -0.280139092989 -0.158889759802 0.68023618935 1.375
-0.280879671072 -0.159774954448 0.692250859591 -0.280836648444 -0.159557282107 0.688023762603 1.4
-0.280879671072 -0.159774954448 0.692250859591 -0.281426345985 -0.160117176409 0.694169295862 1.425
-0.282429988356 -0.163666632784 0.716037251023 -0.282159076315 -0.161184026581 0.704163546103 1.45
-0.282429988356 -0.163666632784 0.716037251023 -0.282782159224 -0.1621096033 0.712249218149 1.475
-0.282429988356 -0.163666632784 0.716037251023 -0.28330572366 -0.162906546689 0.718639327784 1.5
-0.284021890332 -0.16559981416 0.736149147015 -0.283982474323 -0.163882040747 0.728008476658 1.525
-0.284021890332 -0.16559981416 0.736149147015 -0.284556416656 -0.164725478304 0.735524409344 1.55
-0.284021890332 -0.16559981416 0.736149147015 -0.285036787078 -0.165448312568 0.741397980383 1.575
-0.28707603338 -0.170726955015 0.765647990243 -0.28589375412 -0.166836086352 0.752384963253 1.6
-0.28707603338 -0.170726955015 0.765647990243 -0.28663458573 -0.168058143177 0.761313405303 1.625
-0.28707603338 -0.170726955015 0.765647990243 -0.287268920846 -0.169127424466 0.768408194818 1.65
-0.28824739155 -0.169050069997 0.780746080669 -0.287981287837 -0.169804607909 0.7772354737 1.675
-0.28824739155 -0.169050069997 0.780746080669 -0.288589988949 -0.170372958171 0.784231366435 1.7
-0.28824739155 -0.169050069997 0.780746080669 -0.289103618669 -0.170841808668 0.789608417691 1.725
-0.288558219581 -0.168368467702 0.803572084946 -0.289576552043 -0.171118329249 0.798635067726 1.75
-0.292007617786 -0.168060706217 0.813708257524 -0.290479636735 -0.171274741757 0.808063021113 1.775
-0.292007617786 -0.168060706217 0.813708257524 -0.291265489234 -0.171367864459 0.815581526287 1.8
-0.293257809058 -0.167872937475 0.83703354539 -0.292128684366 -0.171376537424 0.826587509494 1.825
-0.293257809058 -0.167872937475 0.83703354539 -0.292877170448 -0.171337209609 0.835478250634 1.85
-0.293149842925 -0.169905202519 0.851169894495 -0.293503619519 -0.171557117159 0.845624891319 1.875
-0.293149842925 -0.169905202519 0.851169894495 -0.294033562477 -0.171716508786 0.853727561097 1.9
-0.293149842925 -0.169905202519 0.851169894495 -0.294474794288 -0.171821640097 0.86001723489 1.925
-0.293958702692 -0.170293296884 0.873782193623 -0.29495454258 -0.171935889194 0.869731197145 1.95
-0.293958702692 -0.170293296884 0.873782193623 -0.295350634706 -0.172002794061 0.877444238785 1.975
-0.297297662424 -0.16976002866 0.891228234601 -0.296164574333 -0.171948810146 0.887259131948 2.0
-0.297297662424 -0.16976002866 0.891228234601 -0.296869936678 -0.17186418373 0.895049036444 2.025
-0.297297662424 -0.16976002866 0.891228234601 -0.297474831431 -0.171753420492 0.901046855425 2.05
-0.296253198056 -0.171951303121 0.90357879684 -0.297832421706 -0.171945092337 0.908213338344 2.075
-0.296253198056 -0.171951303121 0.90357879684 -0.298116903071 -0.172093266817 0.913678999569 2.1
-0.300197577562 -0.170442591506 0.924227201395 -0.298918778838 -0.171979266704 0.92224021254 2.125
-0.300197577562 -0.170442591506 0.924227201395 -0.299614689013 -0.171848304449 0.928955318631 2.15
-0.303083300766 -0.174487524211 0.939286659116 -0.300639673313 -0.172302498793 0.937387927941 2.175
-0.303083300766 -0.174487524211 0.939286659116 -0.301540624553 -0.172699211927 0.943995682979 2.2
-0.300746759014 -0.174925188316 0.952819274922 -0.30198030962 -0.173107973087 0.952001434821 2.225
-0.300746759014 -0.174925188316 0.952819274922 -0.302340054245 -0.173463406731 0.958241195641 2.25
-0.304641647739 -0.178232123092 0.96467022684 -0.303203264456 -0.174259439732 0.965560087672 2.275
-0.304641647739 -0.178232123092 0.96467022684 -0.303954786713 -0.174972394058 0.971208457586 2.3
-0.308395687217 -0.180253207649 0.97698793778 -0.305158353131 -0.175906946455 0.978127800463 2.325
-0.308395687217 -0.180253207649 0.97698793778 -0.306222577527 -0.176745830257 0.983445210652 2.35
-0.305888900534 -0.176958113858 0.985693911987 -0.306785826189 -0.177007531983 0.989294260459 2.375
-0.305888900534 -0.176958113858 0.985693911987 -0.307257187132 -0.177223819856 0.993695135195 2.4
-0.305888900534 -0.176958113858 0.985693911987 -0.307644161145 -0.177398786149 0.996836757141 2.425
-0.304993721591 -0.173971128517 0.984880681784 -0.307821504986 -0.177094429001 0.998714050795 2.45
-0.310039970039 -0.175003122855 0.981119288779 -0.308685371257 -0.176943670397 0.998856634482 2.475
-0.310039970039 -0.175003122855 0.981119288779 -0.309436814389 -0.176783912672 0.998348367389 2.5
-0.308837783765 -0.171926484897 0.986603376509 -0.309906268851 -0.176162489674 0.998534690943 2.525
-0.307698507964 -0.172339102903 0.998235103659 -0.310124926961 -0.175633301274 1.00074798376 2.55
-0.307698507964 -0.172339102903 0.998235103659 -0.310281505136 -0.175131030271 1.00220583342 2.575
-0.308734185666 -0.169379376737 1.00344089958 -0.310535282077 -0.174218601229 1.0041852525 2.6
-0.308734185666 -0.169379376737 1.00344089958 -0.310726963752 -0.173368280658 1.00550058001 2.625
-0.311632264651 -0.172854772609 0.999980992997 -0.311290970351 -0.173092559464 1.00549219146 2.65
-0.311632264651 -0.172854772609 0.999980992997 -0.311771022746 -0.172836017435 1.00511929048 2.675
-0.311632264651 -0.172854772609 0.999980992997 -0.312173921396 -0.172598790613 1.00446387906 2.7
-0.31383526461 -0.177612400633 0.995917239526 -0.312831729414 -0.173083984082 1.00269647987 2.725
-0.315552315174 -0.18355647248 1.00505088133 -0.313653280731 -0.174411630591 1.00291965187 2.75
-0.315552315174 -0.18355647248 1.00505088133 -0.314371894842 -0.175636533161 1.00290798433 2.775
-0.313653630594 -0.186245336157 1.01197683208 -0.314714495369 -0.177160756972 1.00425501112 2.8
-0.313653630594 -0.186245336157 1.01197683208 -0.314990783294 -0.17856053038 1.00528558903 2.825
-0.313653630594 -0.186245336157 1.01197683208 -0.315206734368 -0.179841694333 1.00605385325 2.85
-0.317611162917 -0.186443852595 1.01201141294 -0.315952713687 -0.181039319566 1.00661532799 2.875
-0.317611162917 -0.186443852595 1.01201141294 -0.316603643968 -0.182127425484 1.00700344676 2.9
-0.320281266431 -0.188759786929 1.00807422767 -0.317560973507 -0.183453785859 1.0063810226 2.925
-0.320281266431 -0.188759786929 1.00807422767 -0.318406069846 -0.18465501739 1.00575992984 2.95
-0.32248734888 -0.1889491648 1.0157314141 -0.31947252019 -0.185765633524 1.00686031227 2.975
-0.32248734888 -0.1889491648 1.0157314141 -0.320416333895 -0.186761898776 1.00779254385 3.0
-0.324154039023 -0.196373833355 1.02043559191 -0.321491896683 -0.188746988884 1.00962685447 3.025
-0.324154039023 -0.196373833355 1.02043559191 -0.322441634896 -0.190544553622 1.01121500254 3.05
-0.322504771774 -0.188082723479 1.02435502198 -0.323030338078 -0.190939522864 1.0134549022 3.075
-0.322504771774 -0.188082723479 1.02435502198 -0.323528839881 -0.191262049213 1.0153961502 3.1
-0.322504771774 -0.188082723479 1.02435502198 -0.323944218254 -0.191517605926 1.01706834387 3.125
-0.325377267599 -0.189308288358 1.01945604425 -0.324707582982 -0.191892546551 1.01741141999 3.15
-0.325377267599 -0.189308288358 1.01945604425 -0.325367921689 -0.192196818693 1.0176701308 3.175
-0.325752811263 -0.198413429666 1.02098952468 -0.325988295522 -0.193780949789 1.01819973117 3.2
-0.325752811263 -0.198413429666 1.02098952468 -0.326516192471 -0.195200065241 1.01863162117 3.225
-0.327568773485 -0.193339969751 1.03372386674 -0.327227054164 -0.195714218231 1.02180660274 3.25
-0.327568773485 -0.193339969751 1.03372386674 -0.327838548129 -0.196140783694 1.02456753174 3.275
-0.331155726288 -0.196143131718 1.03199880042 -0.328888001979 -0.196900517129 1.0265649637 3.3
-0.331155726288 -0.196143131718 1.03199880042 -0.329811284854 -0.197553406581 1.02826044408 3.325
-0.330868828354 -0.204041807162 1.02529732227 -0.330574612432 -0.199273774212 1.02819429801 3.35
-0.330868828354 -0.204041807162 1.02529732227 -0.331231986584 -0.200810870204 1.02806122105 3.375
-0.330868828354 -0.204041807162 1.02529732227 -0.331791286063 -0.202175515442 1.02787483764 3.4
-0.334279171525 -0.202590926272 1.02936382167 -0.332763853989 -0.203163967367 1.02855014989 3.425
-0.334279171525 -0.202590926272 1.02936382167 -0.333613788423 -0.204017636478 1.02908605087 3.45
-0.33180682783 -0.204280843247 1.0404942296 -0.333984490255 -0.204995514228 1.03197014411 3.475
-0.33180682783 -0.204280843247 1.0404942296 -0.334278050469 -0.205837525335 1.03444766757 3.5
-0.333642139516 -0.208422843164 1.0392280961 -0.334772405903 -0.207165099522 1.03627160088 3.525
-0.333642139516 -0.208422843164 1.0392280961 -0.335181768565 -0.208327817835 1.03778994808 3.55
-0.333642139516 -0.208422843164 1.0392280961 -0.335513234795 -0.209336633294 1.03903213087 3.575
-0.336502149944 -0.208729742185 1.03220932997 -0.33619605567 -0.210247517999 1.03846836194 3.6
-0.336502149944 -0.208729742185 1.03220932997 -0.336781190499 -0.211021906944 1.03787260256 3.625
-0.33696329529 -0.208815336226 1.03862752818 -0.337344288593 -0.211682572551 1.03868278208 3.65
-0.33696329529 -0.208815336226 1.03862752818 -0.337819130636 -0.212225670589 1.03931320585 3.675
-0.33975888171 -0.209524386224 1.04671962731 -0.33862579748 -0.212765415747 1.04158179269 3.7
-0.33975888171 -0.209524386224 1.04671962731 -0.339325867096 -0.213198000063 1.04349460592 3.725
-0.342237541866 -0.216035285418 1.04383228839 -0.340293317361 -0.214494243304 1.0444437901 3.75
-0.342237541866 -0.216035285418 1.04383228839 -0.341140919775 -0.215625868183 1.0451796917 3.775
-0.342237541866 -0.216035285418 1.04383228839 -0.341877094273 -0.216604300274 1.04572747303 3.8
-0.341881311191 -0.223508350518 1.03658788613 -0.342457340151 -0.218544423608 1.0445027864 3.825
-0.341881311191 -0.223508350518 1.03658788613 -0.342946209444 -0.220266660554 1.04333108831 3.85
-0.341881311191 -0.223508350518 1.03658788613 -0.34335104561 -0.221784810748 1.04222043616 3.875
-0.341541275921 -0.22753705751 1.04374051583 -0.343628662339 -0.223707350957 1.04276505851 3.9
-0.341541275921 -0.22753705751 1.04374051583 -0.343839952436 -0.225405633565 1.04318963861 3.925
-0.341541275921 -0.22753705751 1.04374051583 -0.343991187095 -0.226894152905 1.043510341 3.95
-0.343422454448 -0.227377497079 1.04953456904 -0.344366197732 -0.228163417947 1.04502808779 3.975
-0.343422454448 -0.227377497079 1.04953456904 -0.344671036599 -0.229252492857 1.04631415975 4.0
-0.342296548425 -0.228932184832 1.04125794177 -0.344745651931 -0.230404156387 1.04555377685 4.025
-0.342296548425 -0.228932184832 1.04125794177 -0.344775319609 -0.231383491995 1.04482831609 4.05
-0.346278989924 -0.231797855087 1.03920266625 -0.345353400851 -0.232626754704 1.04368714189 4.075
-0.346278989924 -0.231797855087 1.03920266625 -0.345850454255 -0.233690049434 1.04264628833 4.1
-0.344252267573 -0.23277190429 1.04922632352 -0.345973543352 -0.234730647232 1.04393048292 4.125
-0.344252267573 -0.23277190429 1.04922632352 -0.346051598904 -0.235606335033 1.04504342785 4.15
-0.342903121433 -0.231445175071 1.05281304895 -0.345890244999 -0.236134045024 1.046796581 4.175
-0.342903121433 -0.231445175071 1.05281304895 -0.345708981303 -0.236537492747 1.04831159003 4.2
-0.349321468062 -0.234517396194 1.04437757176 -0.346459552801 -0.237281755387 1.04773591491 4.225
-0.349321468062 -0.234517396194 1.04437757176 -0.347123168269 -0.237888318606 1.04718838627 4.25
-0.346564760835 -0.235852678163 1.04117681899 -0.347298851834 -0.238566150043 1.04596214031 4.275
-0.346564760835 -0.235852678163 1.04117681899 -0.347431607985 -0.239113816216 1.04485675131 4.3
-0.350933261523 -0.237308179479 1.04355278443 -0.348171089116 -0.239757661724 1.0443961581 4.325
-0.350933261523 -0.237308179479 1.04355278443 -0.348825681952 -0.240276723669 1.04398481183 4.35
-0.352078304541 -0.239385887433 1.04971964983 -0.349570479817 -0.240988924124 1.04499097138 4.375
-0.347284798452 -0.236908614282 1.05276261814 -0.349520806828 -0.241207968311 1.04655389613 4.4
-0.347284798452 -0.236908614282 1.05276261814 -0.349446142223 -0.241339407875 1.04792526156 4.425
-0.347284798452 -0.236908614282 1.05276261814 -0.349350022419 -0.24139257548 1.04911906568 4.45
-0.346527818507 -0.240234591413 1.04623723621 -0.349123944133 -0.241867572923 1.04870046474 4.475
-0.354537903299 -0.248051852843 1.03859439212 -0.350074692379 -0.243397676941 1.04661046168 4.5
-0.352874221211 -0.247020599371 1.04185262355 -0.350683286786 -0.244594943152 1.04547615572 4.525
-0.352874221211 -0.247020599371 1.04185262355 -0.351220762793 -0.245636233767 1.04447423449 4.55
-0.352874221211 -0.247020599371 1.04185262355 -0.35169218989 -0.24653320051 1.04359774199 4.575
-0.35399561897 -0.248606688243 1.0497612419 -0.352268067778 -0.247531295376 1.04459488934 4.6
-0.355238674109 -0.24841652009 1.04867788189 -0.352958058965 -0.248360521658 1.04524909307 4.625
-0.355238674109 -0.24841652009 1.04867788189 -0.353569169962 -0.249062151828 1.04583610336 4.65
-0.352097061226 -0.247645851871 1.04502077572 -0.353642737144 -0.249532783963 1.04554820306 4.675
-0.352097061226 -0.247645851871 1.04502077572 -0.353684293907 -0.249905129974 1.04529965078 4.7
-0.355561534445 -0.256863950348 1.03862153442 -0.354209064369 -0.251549908425 1.04366748533 4.725
-0.355561534445 -0.256863950348 1.03862153442 -0.354668575627 -0.253007666323 1.04224200641 4.75
-0.355561534445 -0.256863950348 1.03862153442 -0.355067574858 -0.254290990459 1.04100943793 4.775
-0.359259253793 -0.256695786557 1.04542504721 -0.355956795682 -0.255387181793 1.04146618688 4.8
-0.359259253793 -0.256695786557 1.04542504721 -0.356751680048 -0.256334718328 1.04190503454 4.825
-0.360700822935 -0.259270045359 1.04725571381 -0.357671081872 -0.257525006206 1.0427306178 4.85
-0.360700822935 -0.259270045359 1.04725571381 -0.358491145001 -0.258558778786 1.04348571378 4.875
-0.360700822935 -0.259270045359 1.04725571381 -0.359218102125 -0.259447537338 1.04417219257 4.9
-0.359742973673 -0.26117659854 1.03946280133 -0.359716519101 -0.260483951795 1.04306236956 4.925
-0.359742973673 -0.26117659854 1.03946280133 -0.360144808563 -0.261374989445 1.0420983908 4.95
-0.36456835418 -0.270225205809 1.03645975139 -0.36122092591 -0.263468262576 1.04060267916 4.975
-0.36456835418 -0.270225205809 1.03645975139 -0.362181369476 -0.265333257451 1.03931200784 5.0
-0.36223756955 -0.270029963109 1.0475139461 -0.362688974157 -0.266955595936 1.04066437105 5.025
-0.36223756955 -0.270029963109 1.0475139461 -0.363121869034 -0.268380392591 1.0418927818 5.05
-0.36223756955 -0.270029963109 1.0475139461 -0.363485667622 -0.269621129721 1.04300145018 5.075
-0.362930986978 -0.26661010782 1.04931661469 -0.363888203725 -0.270185708307 1.04439508393 5.1
-0.362930986978 -0.26661010782 1.04931661469 -0.364224245713 -0.270631383393 1.04562989365 5.125
-0.358370865772 -0.269078448223 1.04475121127 -0.363825563135 -0.271333259377 1.04570090293 5.15
-0.362076383935 -0.274631124495 1.04013729586 -0.363970881507 -0.272728429865 1.04472907477 5.175
-0.362076383935 -0.274631124495 1.04013729586 -0.364072790279 -0.273943291051 1.04386388624 5.2
-0.361835401456 -0.27170270581 1.04656106609 -0.364099987966 -0.274558208806 1.04452436854 5.225
-0.361835401456 -0.27170270581 1.04656106609 -0.364094936932 -0.275052031559 1.04510484454 5.25
-0.358743975982 -0.270539620801 1.05397098598 -0.36360477214 -0.275263563754 1.04725474838 5.275
-0.365174754662 -0.276456854782 1.05029680533 -0.3640752702 -0.276262189039 1.04831883298 5.3
-0.365174754662 -0.276456854782 1.05029680533 -0.36448409902 -0.277114596586 1.04922943668 5.325
-0.367050595432 -0.269957067061 1.04722149311 -0.365113039208 -0.276872160558 1.04931532277 5.35
-0.367050595432 -0.269957067061 1.04722149311 -0.365667834972 -0.276581050926 1.0493533424 5.375
-0.367050595432 -0.269957067061 1.04722149311 -0.366153674991 -0.276248702105 1.04934937943 5.4
-0.367050595432 -0.269957067061 1.04722149311 -0.366575549894 -0.275882083768 1.04930914992 5.425
-0.367670580428 -0.271902290017 1.048043152 -0.367029829492 -0.275775026258 1.04942053214 5.45
-0.367670580428 -0.271902290017 1.048043152 -0.367422369572 -0.275623772874 1.04948422858 5.475
-0.367670580428 -0.271902290017 1.048043152 -0.367757867968 -0.275434847096 1.04950659531 5.5
-0.366370962453 -0.274351357902 1.05579217542 -0.36784886861 -0.27557607555 1.05121370218 5.525
-0.366370962453 -0.274351357902 1.05579217542 -0.367906672641 -0.275663055725 1.05268233677 5.55
-0.368547367859 -0.270064060002 1.0528966764 -0.36825625984 -0.275068916984 1.05328856388 5.575
-0.368547367859 -0.270064060002 1.0528966764 -0.368554321972 -0.274482467718 1.05377147808 5.6
-0.368547367859 -0.270064060002 1.0528966764 -0.368805020239 -0.273907270868 1.0541439125 5.625
-0.368547367859 -0.270064060002 1.0528966764 -0.369012330705 -0.273346503999 1.05441817966 5.65
-0.371897672349 -0.279727261764 1.0480147109 -0.369674906354 -0.274230286045 1.05352237695 5.675
-0.371897672349 -0.279727261764 1.0480147109 -0.370262763244 -0.275022029193 1.05268285344 5.7
-0.371158503806 -0.276994681025 1.05869207026 -0.370671731768 -0.275324772309 1.0542716545 5.725
-0.371158503806 -0.276994681025 1.05869207026 -0.371024369473 -0.275580055781 1.05563233716 5.75
-0.371158503806 -0.276994681025 1.05869207026 -0.371324982885 -0.275792604644 1.05678420332 5.775
-0.371158503806 -0.276994681025 1.05869207026 -0.371577702294 -0.275966839967 1.05774588955 5.8
-0.372180175919 -0.280792130284 1.05834139709 -0.371937389744 -0.276667796905 1.05845750521 5.825
-0.372387292411 -0.284521562249 1.05268940891 -0.372275698621 -0.277845372482 1.05776899718 5.85
-0.372387292411 -0.284521562249 1.05268940891 -0.372563730087 -0.27891095648 1.05710311098 5.875
-0.374687456364 -0.283693125267 1.05907776309 -0.373145245309 -0.279749048942 1.05788309728 5.9
-0.374687456364 -0.283693125267 1.05907776309 -0.373657743785 -0.280498207215 1.05852321037 5.925
-0.374687456364 -0.283693125267 1.05907776309 -0.374105979502 -0.281164411104 1.05903821491 5.95
-0.375460068193 -0.28612777534 1.06567580332 -0.374608655503 -0.282113014928 1.06090663815 5.975
-0.375460068193 -0.28612777534 1.06567580332 -0.375047133204 -0.282961766516 1.0624992633 6.0
-0.377548791605 -0.289424285717 1.05985491859 -0.375734537183 -0.284204007769 1.06254786782 6.025
-0.377548791605 -0.289424285717 1.05985491859 -0.376342638715 -0.285320913441 1.06252437356 6.05
-0.37612492639 -0.293941690056 1.05718600574 -0.376666375342 -0.286987264205 1.06184834536 6.075
-0.380758267832 -0.29742504171 1.06049869707 -0.377621975305 -0.289005407052 1.06193053003 6.1
-0.380758267832 -0.29742504171 1.06049869707 -0.37847573429 -0.29082977491 1.06195186879 6.125
-0.380758267832 -0.29742504171 1.06049869707 -0.379233899316 -0.292471003987 1.06192275921 6.15
-0.376345344192 -0.295994825766 1.07095025298 -0.37925072722 -0.293728252092 1.0641726319 6.175
-0.376345344192 -0.295994825766 1.07095025298 -0.379234949534 -0.294839483422 1.06610852483 6.2
-0.377384193411 -0.289255442906 1.07145040908 -0.379343647681 -0.294818514601 1.06786742401 6.225
-0.377384193411 -0.289255442906 1.07145040908 -0.379414822453 -0.294747729321 1.06934992288 6.25
-0.377384193411 -0.289255442906 1.07145040908 -0.379452236719 -0.294632716655 1.0705810855 6.275
-0.375541903027 -0.293201184144 1.0656756459 -0.379187352821 -0.295061615495 1.07030321558 6.3
-0.375541903027 -0.293201184144 1.0656756459 -0.378916984621 -0.295411060955 1.0699768991 6.325
-0.377849402589 -0.298924999016 1.0702682003 -0.378984309655 -0.296533149564 1.07063359362 6.35
-0.377849402589 -0.298924999016 1.0702682003 -0.379023982362 -0.297522645519 1.07114111787 6.375
-0.377849402589 -0.298924999016 1.0702682003 -0.379039075111 -0.29838835404 1.07151738463 6.4
-0.381578556451 -0.302389012132 1.07450286249 -0.379583302105 -0.299650458772 1.07271917927 6.425
-0.377857223629 -0.301458060656 1.07505846833 -0.379515788058 -0.300627994603 1.07383145884 6.45
-0.377857223629 -0.301458060656 1.07505846833 -0.379433528676 -0.301478827066 1.07473790306 6.475
-0.376554003476 -0.302911951249 1.07068589208 -0.37914641687 -0.302426572646 1.07448975295 6.5
-0.376554003476 -0.302911951249 1.07068589208 -0.378864234869 -0.303248248794 1.07419609774 6.525
-0.381911989112 -0.311534594637 1.06656373929 -0.379379835472 -0.305226434921 1.07295383837 6.55
-0.381911989112 -0.311534594637 1.06656373929 -0.379841153326 -0.306996483633 1.07179978296 6.575
-0.381911989112 -0.311534594637 1.06656373929 -0.380251848342 -0.30857081141 1.0707363242 6.6
-0.376324382792 -0.303832707316 1.08075564008 -0.379790108405 -0.308823906596 1.07291491094 6.625
-0.379306123634 -0.304157389669 1.07895445295 -0.37978964565 -0.309042172049 1.07440332583 6.65
-0.379306123634 -0.304157389669 1.07895445295 -0.379776156853 -0.309181723831 1.07567386161 6.675
-0.382450051528 -0.310075505136 1.0737238996 -0.380215877706 -0.310124349358 1.07558533631 6.7
-0.382450051528 -0.310075505136 1.0737238996 -0.380609806862 -0.310934790139 1.07545863371 6.725
-0.382198880055 -0.315997802203 1.06898479102 -0.380923920991 -0.31249755489 1.07425067877 6.75
-0.382198880055 -0.315997802203 1.06898479102 -0.381201173831 -0.313878814084 1.07314907887 6.775
-0.382198880055 -0.315997802203 1.06898479102 -0.381444274558 -0.315090405869 1.07215265254 6.8
-0.383924102305 -0.310033517033 1.07843160899 -0.381910638265 -0.315262849686 1.07335629264 6.825
-0.383924102305 -0.310033517033 1.07843160899 -0.382327964947 -0.315357180694 1.07440572619 6.85
-0.381956819246 -0.309460337756 1.08325399538 -0.38240884506 -0.315296675895 1.07638434531 6.875
-0.381956819246 -0.309460337756 1.08325399538 -0.382469660322 -0.315180190561 1.07810408395 6.9
-0.378966009335 -0.310148715902 1.08128895148 -0.382070669002 -0.315116323007 1.07914885971 6.925
-0.378966009335 -0.310148715902 1.08128895148 -0.381690119693 -0.315001980521 1.08002729701 6.95
-0.380360019713 -0.310768674499 1.07828861893 -0.381534308555 -0.314935225715 1.08008886186 6.975
-0.380360019713 -0.310768674499 1.07828861893 -0.381381501884 -0.314823434564 1.08009520858 7.0
-0.38458094287 -0.315301153752 1.0782197999 -0.381855997223 -0.315342116012 1.08003999767 7.025
-0.387603669286 -0.315055196298 1.08235789447 -0.382732755967 -0.315738728223 1.08086716132 7.05
-0.387603669286 -0.315055196298 1.08235789447 -0.383532992085 -0.316059879785 1.08155412819 7.075
-0.385362476187 -0.308931276098 1.08736740107 -0.383929636392 -0.315407990303 1.08322686627 7.1
-0.385362476187 -0.308931276098 1.08736740107 -0.384283516931 -0.31476500694 1.08465174175 7.125
-0.385362476187 -0.308931276098 1.08736740107 -0.384597367047 -0.314134299774 1.08585010947 7.15
-0.383967330599 -0.310938471131 1.08355450523 -0.384667759877 -0.313815371147 1.08599625082 7.175
-0.388024484544 -0.313126829077 1.07956723077 -0.385318719124 -0.313814466774 1.08517407686 7.2
-0.388024484544 -0.313126829077 1.07956723077 -0.385905881371 -0.313786366347 1.08438851179 7.225
-0.386130484956 -0.314635668935 1.08454261469 -0.386153124188 -0.313957965821 1.0847485793 7.25
-0.386130484956 -0.314635668935 1.08454261469 -0.38636564399 -0.31409268351 1.08501961226 7.275
-0.385688352815 -0.316410599348 1.08921352965 -0.386480696123 -0.314456833279 1.08625004083 7.3
-0.385688352815 -0.316410599348 1.08921352965 -0.386571167492 -0.314771590055 1.08728798597 7.325
-0.388276323268 -0.313362480168 1.09052288024 -0.387021485797 -0.314591156919 1.08844219595 7.35
-0.387682967987 -0.311504464404 1.08839443023 -0.387333904359 -0.314130727894 1.08893158328 7.375
-0.387682967987 -0.311504464404 1.08839443023 -0.387606126189 -0.313688704559 1.0893046886 7.4
-0.385402716343 -0.313175757899 1.08521015266 -0.387504170509 -0.313513309912 1.08886886797 7.425
-0.385402716343 -0.313175757899 1.08521015266 -0.387393937857 -0.313339492839 1.08843004872 7.45
-0.384182364892 -0.315736239559 1.09123547317 -0.387096733877 -0.313547151412 1.08933254816 7.475
-0.384182364892 -0.315736239559 1.09123547317 -0.386808382546 -0.313729974551 1.09008256114 7.5
-0.389599902468 -0.315215930941 1.09364323072 -0.38732987597 -0.313813609324 1.09123018334 7.525
-0.389599902468 -0.315215930941 1.09364323072 -0.387799067858 -0.313883237267 1.09219087259 7.55
-0.387726965587 -0.31503842873 1.09403107244 -0.387942463146 -0.313914531964 1.09306885488 7.575
-0.387726965587 -0.31503842873 1.09403107244 -0.388061414438 -0.313937489072 1.09378486865 7.6
-0.387726965587 -0.31503842873 1.09403107244 -0.388157999424 -0.313953593353 1.09435600014 7.625
-0.38752007756 -0.317997110239 1.08824129236 -0.388203643384 -0.314401197046 1.09351329472 7.65
-0.38752007756 -0.317997110239 1.08824129236 -0.388233187505 -0.314810276197 1.09271323412 7.675
-0.38752007756 -0.317997110239 1.08824129236 -0.388248332293 -0.315183292864 1.09196011643 7.7
-0.387236184481 -0.31972376271 1.09699414824 -0.388208753701 -0.315777623656 1.09320020408 7.725
-0.387236184481 -0.31972376271 1.09699414824 -0.388161184558 -0.316320492716 1.09425726283 7.75
-0.389423238484 -0.319731889766 1.09866794438 -0.388429960406 -0.316816028554 1.09551973764 7.775
-0.386899323496 -0.315080649592 1.09768506101 -0.388295162963 -0.316578744342 1.09636890207 7.8
-0.386899323496 -0.315080649592 1.09768506101 -0.388160920236 -0.316352159996 1.09706759366 7.825
-0.389818243074 -0.318574795883 1.09322477927 -0.38845925006 -0.316652822261 1.09664141271 7.85
-0.389818243074 -0.318574795883 1.09322477927 -0.388726055335 -0.316924574469 1.09621542827 7.875
-0.38989427611 -0.321246717304 1.09297985303 -0.388974652809 -0.317563981301 1.0957414962 7.9
-0.391112206924 -0.321292724298 1.09681351438 -0.389374835213 -0.318154108707 1.09613693989 7.925
-0.390859948428 -0.319961362914 1.10265860495 -0.389697329703 -0.318493977655 1.09774909323 7.95
-0.390859948428 -0.319961362914 1.10265860495 -0.389984774004 -0.318798572113 1.09913307706 7.975
-0.388279643612 -0.318219578912 1.10526409928 -0.389858307607 -0.318812856513 1.10088673004 8.0
-0.388279643612 -0.318219578912 1.10526409928 -0.389731080123 -0.318816400906 1.10238024202 8.025
-0.391307048646 -0.318046098334 1.10202139316 -0.390051157153 -0.318784845374 1.10291635373 8.05
-0.391307048646 -0.318046098334 1.10202139316 -0.390337195902 -0.318747009596 1.10332397073 8.075
-0.388690895126 -0.323349230198 1.09883483792 -0.390204952182 -0.319487233064 1.10291104039 8.1
-0.388690895126 -0.323349230198 1.09883483792 -0.390073199173 -0.320161861226 1.10248516917 8.125
-0.388690895126 -0.323349230198 1.09883483792 -0.389942736449 -0.320774284726 1.10205434221 8.15
-0.391850603827 -0.326048587998 1.10404564224 -0.390281000096 -0.321726535517 1.10278229848 8.175
-0.391915067873 -0.323197796763 1.10789896096 -0.390594930037 -0.3221708641 1.10423350806 8.2
-0.391915067873 -0.323197796763 1.10789896096 -0.390876336483 -0.322565759588 1.10546323174 8.225
-0.391068422059 -0.320831850839 1.10648551044 -0.391002204494 -0.322564791161 1.106177997 8.25
-0.389709465363 -0.320259031623 1.10429343868 -0.39090862397 -0.322463126541 1.10626246365 8.275
-0.389709465363 -0.320259031623 1.10429343868 -0.390813540143 -0.322353762323 1.10627833225 8.3
-0.391028337328 -0.32006327663 1.1037017898 -0.390912559596 -0.322209199151 1.10610561332 8.325
-0.391028337328 -0.32006327663 1.1037017898 -0.390996364775 -0.322061947478 1.10590201591 8.35
-0.392524202383 -0.317749230782 1.10809916436 -0.391287197367 -0.321571366714 1.10665212968 8.375
-0.390246560762 -0.317739221219 1.11347352637 -0.391211623347 -0.321105605816 1.10846193015 8.4
-0.390246560762 -0.317739221219 1.11347352637 -0.391134270463 -0.320666160481 1.11000804669 8.425
-0.390246560762 -0.317739221219 1.11347352637 -0.391055877575 -0.320252845515 1.11131338596 8.45
-0.39511409491 -0.318261266689 1.11185102822 -0.391696087577 -0.319942504961 1.11203983714 8.475
-0.393863146219 -0.320177409817 1.10851415191 -0.39209550664 -0.319934677209 1.11187172708 8.5
-0.393863146219 -0.320177409817 1.10851415191 -0.392456225542 -0.319924011969 1.11165706241 8.525
-0.393863146219 -0.320177409817 1.10851415191 -0.392780452856 -0.319911171044 1.11140648252 8.55
-0.394257231317 -0.32304792415 1.10877649351 -0.393128548837 -0.320320742005 1.11118790177 8.575
-0.392199918941 -0.319686957071 1.11455886356 -0.393135965168 -0.320199641944 1.11222825347 8.6
-0.392199918941 -0.319686957071 1.11455886356 -0.393132587139 -0.320084989638 1.11309643114 8.625
-0.392199918941 -0.319686957071 1.11455886356 -0.393119608802 -0.319976970763 1.11380980613 8.65
-0.393882443682 -0.318728057167 1.1173101488 -0.393346684022 -0.319734082453 1.11499552431 8.675
-0.394661743402 -0.316467687688 1.11524091252 -0.393662023425 -0.319175258597 1.11552495303 8.7
-0.394661743402 -0.316467687688 1.11524091252 -0.393943317703 -0.318660086787 1.11593255308 8.725
-0.394661743402 -0.316467687688 1.11524091252 -0.394192681768 -0.318187042702 1.11623317701 8.75
-0.394775652736 -0.319156525379 1.11144793162 -0.394428994929 -0.318151720548 1.11559881169 8.775
-0.394775652736 -0.319156525379 1.11144793162 -0.394636107915 -0.318124277689 1.11498656959 8.8
-0.396462713869 -0.320976720496 1.11501856196 -0.395065194072 -0.318373207722 1.11519444214 8.825
-0.393870549028 -0.318671131962 1.1205242675 -0.395066601723 -0.31826767847 1.11656022984 8.85
-0.393870549028 -0.318671131962 1.1205242675 -0.395055830564 -0.318175348866 1.11772328244 8.875
-0.395999669261 -0.317875894514 1.12112123154 -0.395348729533 -0.317978108918 1.1188346502 8.9
-0.395999669261 -0.317875894514 1.12112123154 -0.395607497177 -0.317801953913 1.1197634217 8.925
-0.395999669261 -0.317875894514 1.12112123154 -0.39583436788 -0.317645840951 1.1205274664 8.95
-0.396151652376 -0.322884848826 1.11561993137 -0.396053956718 -0.318248575832 1.11992267137 8.975
-0.394751770468 -0.321999748131 1.11636908425 -0.396037383817 -0.31868061192 1.11950083835 9.0
-0.394751770468 -0.321999748131 1.11636908425 -0.396009703725 -0.319084232628 1.11908116191 9.025
-0.394751770468 -0.321999748131 1.11636908425 -0.395972284434 -0.319460342115 1.11866974474 9.05
-0.396357796458 -0.321334498784 1.12185348227 -0.396163641851 -0.319711590523 1.11948920083 9.075
-0.396761469023 -0.321801133089 1.12302468124 -0.396388836755 -0.320013775014 1.12043874539 9.1
-0.396761469023 -0.321801133089 1.12302468124 -0.396585485315 -0.320293190677 1.12124001304 9.125
-0.397208086705 -0.317443937991 1.12262946255 -0.396821581459 -0.31990709647 1.12181970888 9.15
-0.397208086705 -0.317443937991 1.12262946255 -0.397027946472 -0.319550303422 1.12228988155 9.175
-0.397208086705 -0.317443937991 1.12262946255 -0.397206670772 -0.319221616341 1.12266276368 9.2
-0.396551770291 -0.321917135851 1.11786463925 -0.397262829481 -0.319580564831 1.12189219708 9.225
-0.397197153265 -0.323607852421 1.1192593316 -0.397398222774 -0.320163259902 1.12148456157 9.25
-0.397197153265 -0.323607852421 1.1192593316 -0.397511621847 -0.320701357123 1.12109440742 9.275
-0.396503377389 -0.320139104766 1.12556102152 -0.397502341257 -0.320684236888 1.12212395446 9.3
-0.396503377389 -0.320139104766 1.12556102152 -0.39748259191 -0.32066609989 1.12300735172 9.325
-0.396054758644 -0.319158082418 1.12445626141 -0.397387423414 -0.320502154799 1.12351246268 9.35
-0.396054758644 -0.319158082418 1.12445626141 -0.397289525028 -0.320348761317 1.12392674162 9.375
-0.398183701941 -0.320457063629 1.11983365232 -0.397504307913 -0.320397440814 1.12323402962 9.4
-0.398183701941 -0.320457063629 1.11983365232 -0.397693580259 -0.320440962134 1.12259429474 9.425
-0.396633942869 -0.321113668199 1.12185735168 -0.397630243952 -0.320576576042 1.12245740484 9.45
-0.396633942869 -0.321113668199 1.12185735168 -0.397562864748 -0.32069997198 1.1223197205 9.475
-0.396230223583 -0.32205127344 1.12500137001 -0.397432749411 -0.320950212817 1.12288219974 9.5
-0.396230223583 -0.32205127344 1.12500137001 -0.397305066385 -0.321178538619 1.12336481151 9.525
-0.396230223583 -0.32205127344 1.12500137001 -0.397180426253 -0.32138595771 1.12377513164 9.55
-0.397623767227 -0.315997310498 1.12838477307 -0.397265207764 -0.320679266558 1.12487130075 9.575
-0.397623767227 -0.315997310498 1.12838477307 -0.397337943612 -0.320023662737 1.1258178288 9.6
-0.399958447182 -0.319335155251 1.12417729192 -0.397744553063 -0.319910303152 1.12569296548 9.625
-0.399958447182 -0.319335155251 1.12417729192 -0.398114209279 -0.319805705808 1.12555580105 9.65
-0.399958447182 -0.319335155251 1.12417729192 -0.398448965498 -0.319709564099 1.12541035909 9.675
-0.399958447182 -0.319335155251 1.12417729192 -0.398750817475 -0.319621564242 1.1252602467 9.7
-0.399710753992 -0.324464064491 1.12351154372 -0.398985118616 -0.320298957022 1.1249608818 9.725
-0.399710753992 -0.324464064491 1.12351154372 -0.399193201588 -0.320924547484 1.12468077006 9.75
-0.399710753992 -0.324464064491 1.12351154372 -0.39937677702 -0.321500421822 1.12442114795 9.775
-0.399841965217 -0.329540179387 1.12804089075 -0.399556880427 -0.322778434436 1.12518825662 9.8
-0.399841965217 -0.329540179387 1.12804089075 -0.399714212991 -0.323952200251 1.12585517177 9.825
-0.399841965217 -0.329540179387 1.12804089075 -0.399850379268 -0.325026179092 1.12642997176 9.85
-0.396994259815 -0.327594485652 1.12439520522 -0.399546304078 -0.325717429047 1.12611118962 9.875
-0.396994259815 -0.327594485652 1.12439520522 -0.399257026211 -0.326340269147 1.12581376136 9.9
-0.400242648086 -0.335053781999 1.12425900082 -0.399462445093 -0.32799997693 1.12550825586 9.925
-0.400242648086 -0.335053781999 1.12425900082 -0.399645233708 -0.329511993508 1.12522908375 9.95
-0.395396306651 -0.332729852699 1.13093645623 -0.399091068877 -0.33054000481 1.12645842584 9.975
-0.395396306651 -0.332729852699 1.13093645623 -0.39857327176 -0.33146103751 1.12753386549 10.0
-0.395396306651 -0.332729852699 1.13093645623 -0.398090960481 -0.33228084211 1.12846651534 10.025
-0.395396306651 -0.332729852699 1.13093645623 -0.397643200378 -0.333005103871 1.12926724331 10.05
-0.399810965272 -0.339402622921 1.12052866399 -0.397881078082 -0.334625040213 1.12763644757 10.075
-0.399810965272 -0.339402622921 1.12052866399 -0.398100448599 -0.336083415915 1.12617515643 10.1
-0.399810965272 -0.339402622921 1.12052866399 -0.398302315125 -0.337388796987 1.1248752801 10.125
-0.398628242571 -0.338223373433 1.12071995017 -0.398312944659 -0.338375455795 1.12377090059 10.15
-0.399028025558 -0.341203403657 1.12483511577 -0.398380681155 -0.339679707209 1.12371920331 10.175
-0.399028025558 -0.341203403657 1.12483511577 -0.398442183181 -0.340834564987 1.12368731548 10.2
-0.399028025558 -0.341203403657 1.12483511577 -0.398497936543 -0.341848917194 1.12367370028 10.225
-0.398204702876 -0.337293452804 1.12997718138 -0.398426785752 -0.342153962298 1.12481807713 10.25
-0.399633792254 -0.338056476545 1.1259953481 -0.398571369228 -0.342493673725 1.12495489931 10.275
-0.399633792254 -0.338056476545 1.1259953481 -0.398704088093 -0.342753031573 1.12508248525 10.3
-0.398181218461 -0.334694958382 1.1240053527 -0.398611044444 -0.342442176772 1.12475931926 10.325
-0.398181218461 -0.334694958382 1.1240053527 -0.398524217809 -0.342102929224 1.12448094174 10.35
-0.398181218461 -0.334694958382 1.1240053527 -0.398443532163 -0.341739914942 1.12424408358 10.375
-0.397111160556 -0.335610812127 1.13140798677 -0.398210835702 -0.341492799588 1.12568865728 10.4
-0.397111160556 -0.335610812127 1.13140798677 -0.39799643602 -0.341219861772 1.1269688019 10.425
-0.395564927813 -0.335930175872 1.13438997146 -0.397571304391 -0.34097260067 1.12875616822 10.45
-0.395564927813 -0.335930175872 1.13438997146 -0.397181048121 -0.340704227256 1.13031827153 10.475
-0.398416025023 -0.334525611501 1.13328058451 -0.397245390816 -0.340211250996 1.13142386575 10.5
-0.401094158586 -0.336294179633 1.1260028695 -0.397704408628 -0.339982319886 1.13074864669 10.525
-0.401094158586 -0.336294179633 1.1260028695 -0.398131482716 -0.339738561468 1.1301171377 10.55
-0.39825354328 -0.337349669884 1.12545361262 -0.398108213405 -0.339639263651 1.12940756335 10.575
-0.3975215726 -0.339756258884 1.12918466824 -0.397980074038 -0.339874926754 1.12958477951 10.6
-0.3975215726 -0.339756258884 1.12918466824 -0.397863473763 -0.340065650826 1.12971883456 10.625
-0.3975215726 -0.339756258884 1.12918466824 -0.397757895203 -0.340215722793 1.12981476523 10.65
-0.400517413773 -0.33656921601 1.13540719648 -0.398105323557 -0.339858450182 1.1312585643 10.675
-0.400517413773 -0.33656921601 1.13540719648 -0.398428099473 -0.339505249965 1.13250584104 10.7
-0.394947798329 -0.336925062738 1.13386767613 -0.397904450897 -0.339210781694 1.13322993677 10.725
-0.394947798329 -0.336925062738 1.13386767613 -0.397422333154 -0.338920251454 1.13382882105 10.75
-0.394947798329 -0.336925062738 1.13386767613 -0.396980020162 -0.33863549661 1.13431421608 10.775
-0.394947798329 -0.336925062738 1.13386767613 -0.396575788963 -0.338358150519 1.13469745419 10.8
-0.398111107406 -0.339914437269 1.12783814396 -0.396675161117 -0.33853119897 1.13365106247 10.825
-0.398111107406 -0.339914437269 1.12783814396 -0.396772612111 -0.33867978028 1.13268633108 10.85
-0.398335962624 -0.341354131864 1.13790737038 -0.396901142081 -0.339019023813 1.13403774456 10.875
-0.398335962624 -0.341354131864 1.13790737038 -0.397024737647 -0.339321939136 1.13519779662 10.9
-0.400479662574 -0.342606494871 1.13527986967 -0.397459953864 -0.339776328934 1.1355992003 10.925
-0.400479662574 -0.342606494871 1.13527986967 -0.397865300539 -0.340185397142 1.13591139929 10.95
-0.402546506282 -0.343003781221 1.12972410393 -0.398547020094 -0.340610930751 1.13491146754 10.975
-0.402546506282 -0.343003781221 1.12972410393 -0.399176903802 -0.340992616856 1.13399205761 11.0
-0.402546506282 -0.343003781221 1.12972410393 -0.399756913124 -0.341333466578 1.13315263189 11.025
-0.397485574808 -0.347145781583 1.1306839096 -0.39954149301 -0.34224815632 1.13260512802 11.05
-0.397485574808 -0.347145781583 1.1306839096 -0.399338672756 -0.343079748295 1.13210896977 11.075
-0.399835038992 -0.348144991966 1.13796637915 -0.399495093253 -0.343980406976 1.13328013506 11.1
-0.399835038992 -0.348144991966 1.13796637915 -0.399636177734 -0.344795442806 1.13430489607 11.125
-0.399835038992 -0.348144991966 1.13796637915 -0.399762653941 -0.345529657682 1.13519451808 11.15
-0.395535125712 -0.345603513551 1.1394634475 -0.399240128253 -0.345812341031 1.13629216074 11.175
-0.395535125712 -0.345603513551 1.1394634475 -0.39875416709 -0.346052828203 1.13723563791 11.2
-0.397152776357 -0.347961274963 1.13207475451 -0.398542408388 -0.346602615337 1.13639756131 11.225
-0.397152776357 -0.347961274963 1.13207475451 -0.398345910288 -0.347089304571 1.13562938787 11.25
-0.39796169791 -0.350091977162 1.13123893786 -0.398283611045 -0.347831717318 1.13474457889 11.275
-0.401689633475 -0.348416028556 1.13736081849 -0.398776765766 -0.34824693208 1.13530863203 11.3
-0.401689633475 -0.348416028556 1.13736081849 -0.399231463582 -0.348606728114 1.13579442005 11.325
-0.395611536546 -0.34397223354 1.14279619284 -0.398751514194 -0.348258666046 1.13741544465 11.35
-0.395611536546 -0.34397223354 1.14279619284 -0.398306539265 -0.3479143034 1.13882539735 11.375
-0.399317578502 -0.34582423128 1.13443156778 -0.398442652628 -0.347848769228 1.13818336187 11.4
-0.399317578502 -0.34582423128 1.13443156778 -0.398568305634 -0.347768543625 1.13758686414 11.425
-0.399317578502 -0.34582423128 1.13443156778 -0.398683943583 -0.347675808145 1.13703636985 11.45
-0.401428064261 -0.347247115789 1.1324178601 -0.399101738814 -0.347782779079 1.13608497881 11.475
-0.401428064261 -0.347247115789 1.1324178601 -0.399485995609 -0.347864751689 1.13523364028 11.5
-0.399393617477 -0.34928098725 1.13633447093 -0.399537640016 -0.348224594773 1.13534754831 11.525
-0.401817602471 -0.347670746683 1.13910143367 -0.399940151742 -0.348302859996 1.13606145555 11.55
-0.401817602471 -0.347670746683 1.13910143367 -0.400307924363 -0.348359160691 1.13668862314 11.575
-0.401817602471 -0.347670746683 1.13910143367 -0.400642548238 -0.348395765898 1.13723561008 11.6
-0.400617816783 -0.345547008322 1.13866128636 -0.400768388828 -0.348101130983 1.13761102718 11.625
-0.401651128364 -0.35672096352 1.12827331158 -0.401030729307 -0.34946598111 1.13562469273 11.65
-0.401651128364 -0.35672096352 1.12827331158 -0.401265987418 -0.350711566821 1.13386743925 11.675
-0.403644921039 -0.357318148774 1.12702822335 -0.401770120097 -0.351932142186 1.13204964756 11.7
-0.403644921039 -0.357318148774 1.12702822335 -0.402227023871 -0.353038523545 1.13046780665 11.725
-0.403644921039 -0.357318148774 1.12702822335 -0.402639060177 -0.354036802674 1.12910617361 11.75
-0.400099713477 -0.359485424007 1.13415636649 -0.402484917691 -0.355253070737 1.12953117279 11.775
-0.400099713477 -0.359485424007 1.13415636649 -0.402331543063 -0.356347998931 1.12995269167 11.8
-0.400099713477 -0.359485424007 1.13415636649 -0.402179544685 -0.357328328825 1.13036747208 11.825
-0.401528356963 -0.358228535468 1.13331452917 -0.402240516057 -0.358015019275 1.13058557501 11.85
-0.402569365594 -0.360220771197 1.12806857895 -0.402441221265 -0.358908987538 1.12964927069 11.875
-0.402569365594 -0.360220771197 1.12806857895 -0.40261703316 -0.359698667939 1.12886035399 11.9
-0.404253682939 -0.363812776809 1.12588853341 -0.403018357358 -0.360921141341 1.12772208419 11.925
-0.404253682939 -0.363812776809 1.12588853341 -0.403378515958 -0.362010678628 1.12676464143 11.95
-0.404253682939 -0.363812776809 1.12588853341 -0.40369983765 -0.362975167434 1.12597216134 11.975
-0.400171149789 -0.361774447832 1.13465797314 -0.403381589983 -0.363521248211 1.12727578871 12.0
-0.400171149789 -0.361774447832 1.13465797314 -0.403076222251 -0.363981092917 1.12847775709 12.025
-0.403014993708 -0.360191493043 1.13370967924 -0.403204046866 -0.364127271006 1.12936852256 12.05
-0.403014993708 -0.360191493043 1.13370967924 -0.403312338321 -0.364218079108 1.13018566464 12.075
-0.403935323681 -0.365567716894 1.12802183165 -0.403538527969 -0.365052849577 1.12966711779 12.1
-0.403935323681 -0.365567716894 1.12802183165 -0.403737475571 -0.365780343103 1.12922972531 12.125
-0.402691155629 -0.36699752334 1.12683286791 -0.403727226848 -0.366619085007 1.12860124029 12.15
-0.403531358457 -0.371754689723 1.12865645608 -0.403831801306 -0.368051126367 1.12847458875 12.175
-0.403531358457 -0.371754689723 1.12865645608 -0.403918499352 -0.369326359729 1.12838646913 12.2
-0.403474489518 -0.371268844969 1.13188054763 -0.403980376796 -0.370382584624 1.12904682506 12.225
-0.403474489518 -0.371268844969 1.13188054763 -0.404027888441 -0.37130650082 1.12964789379 12.25
-0.40575880426 -0.371751805505 1.127471672 -0.404399753269 -0.372178287581 1.1292118923 12.275
-0.40575880426 -0.371751805505 1.127471672 -0.404733406578 -0.372929612158 1.12883756202 12.3
-0.40575880426 -0.371751805505 1.127471672 -0.405031117947 -0.37356902612 1.12851892002 12.325
-0.404667705234 -0.370753049951 1.12394222755 -0.405133935091 -0.373957288315 1.12746693585 12.35
-0.404667705234 -0.370753049951 1.12394222755 -0.405217783717 -0.374261471844 1.1265549126 12.375
-0.407469766479 -0.376263103013 1.12882522086 -0.405698118391 -0.375302694039 1.12685568305 12.4
-0.407469766479 -0.376263103013 1.12882522086 -0.406130171954 -0.376210341146 1.12714308111 12.425
-0.406085533029 -0.374578561234 1.13194133928 -0.406312252031 -0.376744856983 1.12810694723 12.45
-0.406085533029 -0.374578561234 1.13194133928 -0.406467524909 -0.377183495785 1.12897012478 12.475
-0.406085533029 -0.374578561234 1.13194133928 -0.406597975002 -0.377534120558 1.12973688252 12.5
-0.403724809627 -0.377494812269 1.12841528142 -0.406356826034 -0.378235033201 1.12962912459 12.525
-0.403724809627 -0.377494812269 1.12841528142 -0.406121912814 -0.378829010373 1.12952941351 12.55
-0.406644636175 -0.384854843553 1.12188308902 -0.406325176979 -0.380411472287 1.12798675778 12.575
-0.406644636175 -0.384854843553 1.12188308902 -0.406502179453 -0.381818184157 1.12662629925 12.6
-0.407584056257 -0.387012002885 1.12529472678 -0.406793577947 -0.383378897534 1.12619326911 12.625
-0.407584056257 -0.387012002885 1.12529472678 -0.40705158205 -0.384760847501 1.12582656479 12.65
-0.404945691269 -0.386126445268 1.13096647706 -0.406888689769 -0.385844719242 1.12677937653 12.675
-0.404945691269 -0.386126445268 1.13096647706 -0.406727236609 -0.386782705827 1.12763431891 12.7
-0.404945691269 -0.386126445268 1.13096647706 -0.406568037349 -0.387585201544 1.12839588605 12.725
-0.404945691269 -0.386126445268 1.13096647706 -0.406411835362 -0.388262253804 1.12906876315 12.75
-0.407932385033 -0.389152160425 1.12199053968 -0.406700455879 -0.389270473735 1.12766542454 12.775
-0.407932385033 -0.389152160425 1.12199053968 -0.406958817724 -0.390137299255 1.12642515624 12.8
-0.408302408521 -0.392057791902 1.12201600535 -0.407243516572 -0.391302308469 1.12534310588 12.825
-0.408302408521 -0.392057791902 1.12201600535 -0.407497492937 -0.392312758871 1.12440254631 12.85
-0.411034372552 -0.393237169231 1.12757818115 -0.408126255143 -0.393353878315 1.12482789204 12.875
-0.409417374133 -0.395630346507 1.13084955758 -0.408457763531 -0.39460196589 1.12595068644 12.9
-0.407560515078 -0.399807931586 1.12730109926 -0.408478419587 -0.396303742565 1.12616875913 12.925
-0.407560515078 -0.399807931586 1.12730109926 -0.408486267801 -0.397805416428 1.12637105572 12.95
-0.407560515078 -0.399807931586 1.12730109926 -0.408482673093 -0.399120125489 1.12655724792 12.975
-0.407560515078 -0.399807931586 1.12730109926 -0.408468932768 -0.400260609431 1.12672718971 13.0
-0.405132006417 -0.404749925304 1.12048379456 -0.408087570876 -0.401969165578 1.12536767271 13.025
-0.406545385214 -0.405585414489 1.12365997218 -0.407935296564 -0.403594024577 1.12488085252 13.05
-0.406545385214 -0.405585414489 1.12365997218 -0.407786954318 -0.405015953975 1.12446458285 13.075
-0.40676779127 -0.405534488081 1.12953002559 -0.40767594422 -0.406241234016 1.12541599363 13.1
-0.40676779127 -0.405534488081 1.12953002559 -0.407567328356 -0.407291345146 1.12626824531 13.125
-0.40676779127 -0.405534488081 1.12953002559 -0.407461632186 -0.408179192185 1.12702606812 13.15
-0.410380631614 -0.402077151719 1.13097654636 -0.407892957948 -0.408406562113 1.12801544994 13.175
-0.408362600897 -0.406010709352 1.12556456906 -0.407988226061 -0.409117107986 1.12768009265 13.2
-0.408362600897 -0.406010709352 1.12556456906 -0.408070892791 -0.409694251364 1.1273748519 13.225
-0.408362600897 -0.406010709352 1.12556456906 -0.408142001106 -0.4101492885 1.12709811245 13.25
-0.415201691269 -0.408543867999 1.11938362418 -0.409212715038 -0.410867207338 1.12547634827 13.275
-0.415201691269 -0.408543867999 1.11938362418 -0.410194725179 -0.411454908392 1.12404661586 13.3
-0.410449422173 -0.409658873178 1.12805704482 -0.410390199973 -0.412088152393 1.12472192745 13.325
-0.410449422173 -0.409658873178 1.12805704482 -0.410560078209 -0.41259994484 1.12533113526 13.35
-0.410449422173 -0.409658873178 1.12805704482 -0.410706124452 -0.413000922114 1.12587724759 13.375
-0.410449422173 -0.409658873178 1.12805704482 -0.410830049362 -0.413301241837 1.12636335321 13.4
-0.411459270489 -0.410272129165 1.12464205425 -0.411082668998 -0.413601165183 1.12603459983 13.425
-0.411459270489 -0.410272129165 1.12464205425 -0.411304745895 -0.413812223354 1.12574429125 13.45
-0.40342097775 -0.414467249542 1.12114939194 -0.410310992207 -0.414563078933 1.12471452967 13.475
-0.408322881762 -0.421516210577 1.11794603837 -0.410107646343 -0.416235306277 1.12310108391 13.5
-0.408322881762 -0.421516210577 1.11794603837 -0.409912103637 -0.41771629081 1.12169273064 13.525
-0.408322881762 -0.421516210577 1.11794603837 -0.409724723601 -0.419018947858 1.12047536604 13.55
-0.400145785853 -0.424486417756 1.1236196684 -0.408338000054 -0.420594450681 1.12069436749 13.575
-0.400145785853 -0.424486417756 1.1236196684 -0.407054522478 -0.42198173939 1.12092362074 13.6
-0.409049702082 -0.422662245511 1.12102173813 -0.407185787335 -0.422924313755 1.12058271007 13.625
-0.409122970331 -0.422193992523 1.11638616827 -0.407320792845 -0.423656026665 1.11928584338 13.65
-0.409122970331 -0.422193992523 1.11638616827 -0.40744829958 -0.424262625071 1.11817914477 13.675
-0.408458435061 -0.424623833007 1.11280155266 -0.407470574059 -0.425113503431 1.11645142343 13.7
-0.408458435061 -0.424623833007 1.11280155266 -0.407493840354 -0.425831702682 1.11497980205 13.725
-0.408458435061 -0.424623833007 1.11280155266 -0.407518137408 -0.426427947726 1.11374329393 13.75
-0.406832105909 -0.430006134249 1.11762563305 -0.407303256404 -0.427707506845 1.11379219123 13.775
-0.406832105909 -0.430006134249 1.11762563305 -0.407108203416 -0.428822969322 1.11390573637 13.8
-0.403749377586 -0.422479256093 1.12065552517 -0.40647683718 -0.428674468664 1.1147455495 13.825
-0.403749377586 -0.422479256093 1.12065552517 -0.405899314699 -0.428472240491 1.1155471973 13.85
-0.403749377586 -0.422479256093 1.12065552517 -0.405373347156 -0.428223735371 1.11630645405 13.875
-0.407582321969 -0.426152711647 1.11516481703 -0.405462784592 -0.428478547079 1.11580107879 13.9
-0.407582321969 -0.426152711647 1.11516481703 -0.405554858528 -0.428658170456 1.11539509993 13.925
-0.408927935701 -0.431784555636 1.1078532807 -0.405847825467 -0.429602311566 1.11345405236 13.95
-0.408927935701 -0.431784555636 1.1078532807 -0.406126878426 -0.430421414721 1.11178712842 13.975
-0.407426460857 -0.435513189501 1.11449018286 -0.406170388993 -0.431675862568 1.11184473558 14.0
-0.407426460857 -0.435513189501 1.11449018286 -0.406217654315 -0.432781023772 1.11195279781 14.025
-0.407426460857 -0.435513189501 1.11449018286 -0.406268142816 -0.433747458573 1.11210162705 14.05
-0.406943543988 -0.431203529482 1.11459079392 -0.406250010647 -0.433948753168 1.11230466024 14.075
-0.406943543988 -0.431203529482 1.11459079392 -0.406239676302 -0.434081038893 1.11252875853 14.1
-0.406127679281 -0.438007484515 1.1052455649 -0.406115930932 -0.435156608974 1.11069244242 14.125
-0.404869374372 -0.442309516051 1.10305748251 -0.405822178443 -0.436734157976 1.10862988742 14.15
-0.404869374372 -0.442309516051 1.10305748251 -0.405557788471 -0.438138230637 1.10686390295 14.175
-0.404869374372 -0.442309516051 1.10305748251 -0.405321156449 -0.439380182251 1.10536961314 14.2
-0.406856270611 -0.437242380513 1.11049589934 -0.405404181957 -0.4397225336 1.10577405178 14.225
-0.406856270611 -0.437242380513 1.11049589934 -0.405488869021 -0.439982896675 1.10620243679 14.25
-0.409257224449 -0.436391248189 1.11087577455 -0.405929272699 -0.440043362924 1.10672971445 14.275
-0.409257224449 -0.436391248189 1.11087577455 -0.406342451123 -0.440046915561 1.10725286843 14.3
-0.409787439802 -0.432850629943 1.10603872229 -0.406807337823 -0.439477227033 1.10669135207 14.325
-0.409787439802 -0.432850629943 1.10603872229 -0.407240138444 -0.438904468533 1.10624325481 14.35
-0.406607605358 -0.440883773545 1.10230284179 -0.407172107723 -0.439519407335 1.10506586677 14.375
-0.406607605358 -0.440883773545 1.10230284179 -0.407110658761 -0.440046478849 1.10407655855 14.4
-0.411491101071 -0.440223999119 1.10718959079 -0.407776614679 -0.440395509592 1.10434186091 14.425
-0.411491101071 -0.440223999119 1.10718959079 -0.408391723156 -0.440678505694 1.10462807998 14.45
-0.411491101071 -0.440223999119 1.10718959079 -0.408957843179 -0.440901734847 1.1049273254 14.475
-0.408933754405 -0.439919698926 1.10775380584 -0.409099123267 -0.441026177826 1.10535782429 14.5
-0.408933754405 -0.439919698926 1.10775380584 -0.409224771964 -0.441105894672 1.10577298391 14.525
-0.408933754405 -0.439919698926 1.10775380584 -0.409335508313 -0.441146011209 1.10616847464 14.55
-0.411653118426 -0.443915469806 1.09667244802 -0.409833731893 -0.441741534603 1.10408104064 14.575
-0.406913879388 -0.448425442001 1.09782491896 -0.409587064903 -0.442926715143 1.10252207469 14.6
-0.406913879388 -0.448425442001 1.09782491896 -0.409352345574 -0.443989337322 1.10118333795 14.625
-0.406913879388 -0.448425442001 1.09782491896 -0.409129374101 -0.444937308028 1.10004616756 14.65
-0.406913879388 -0.448425442001 1.09782491896 -0.408917949411 -0.445778245206 1.09909259394 14.675
-0.412751972894 -0.441762091128 1.10272063683 -0.409580187934 -0.445535265689 1.09939205297 14.7
-0.412751972894 -0.441762091128 1.10272063683 -0.41018605826 -0.44527668013 1.09970936975 14.725
-0.410806298566 -0.448102095346 1.0964111734 -0.410450702451 -0.445942584467 1.09863676804 14.75
-0.410806298566 -0.448102095346 1.0964111734 -0.41068652216 -0.446526588261 1.09773827618 14.775
-0.406391851975 -0.450104561546 1.09332951315 -0.410243064461 -0.44733055529 1.09631311018 14.8
-0.406391851975 -0.450104561546 1.09332951315 -0.409824977684 -0.448041382783 1.09511237112 14.825
-0.412685704911 -0.445850742628 1.09489385055 -0.410361370871 -0.44803726692 1.09446272816 14.85
-0.405747774476 -0.449222104269 1.09967165488 -0.409824507861 -0.448499930792 1.09501556128 14.875
-0.405747774476 -0.449222104269 1.09967165488 -0.409321761919 -0.448896427246 1.0955653997 14.9
-0.405747774476 -0.449222104269 1.09967165488 -0.408852222547 -0.449232098896 1.09610524966 14.925
-0.405747774476 -0.449222104269 1.09967165488 -0.408414951017 -0.44951204431 1.09662899786 14.95
-0.410953361642 -0.447453083263 1.09618649222 -0.408777876881 -0.449479826274 1.0963578076 14.975
-0.408479316352 -0.453467968567 1.0881985166 -0.408745492004 -0.450310248112 1.09438173375 15.0
-0.408479316352 -0.453467968567 1.0881985166 -0.40871326263 -0.451048886311 1.09267951141 15.025
-0.408479316352 -0.453467968567 1.0881985166 -0.408681428198 -0.451701897678 1.09122841338 15.05
-0.410767366192 -0.453739985651 1.08699822065 -0.408988162004 -0.452315390528 1.08974009009 15.075
-0.407400789357 -0.451276086907 1.09365105539 -0.4087719784 -0.452487813815 1.08996894478 15.1
-0.407400789357 -0.451276086907 1.09365105539 -0.40857030951 -0.452617197859 1.09023661887 15.125
-0.407400789357 -0.451276086907 1.09365105539 -0.408382792063 -0.452707772105 1.09053323481 15.15
-0.407025715196 -0.452731362857 1.09305609985 -0.408153640455 -0.45297850037 1.09071774836 15.175
-0.406636064823 -0.451312449942 1.09124990273 -0.407884632821 -0.452991816627 1.0905292551 15.2
-0.406636064823 -0.451312449942 1.09124990273 -0.407637226802 -0.452977974109 1.09040913521 15.225
-0.407289483284 -0.452093428997 1.08560279131 -0.407507134318 -0.453055715043 1.08909342587 15.25
-0.407289483284 -0.452093428997 1.08560279131 -0.407389469722 -0.453103833905 1.08797819291 15.275
-0.407289483284 -0.452093428997 1.08560279131 -0.407283710631 -0.453125673703 1.08704484877 15.3
-0.403678698346 -0.458800983168 1.08436419526 -0.406655989237 -0.454115123494 1.08600072632 15.325
-0.407227045399 -0.46216273339 1.0832421371 -0.40660495785 -0.455503384188 1.08488818923 15.35
-0.407227045399 -0.46216273339 1.0832421371 -0.406563231338 -0.456760952276 1.08396836046 15.375
-0.402906504912 -0.460428838913 1.08237218689 -0.40589206053 -0.457639030482 1.08302888326 15.4
-0.402906504912 -0.460428838913 1.08237218689 -0.405278988874 -0.458420894104 1.08226795052 15.425
-0.402906504912 -0.460428838913 1.08237218689 -0.404721405166 -0.459112660975 1.08166661805 15.45
-0.402913651755 -0.470755864823 1.07197987207 -0.40421776068 -0.461245625193 1.07890011309 15.475
-0.402913651755 -0.470755864823 1.07197987207 -0.40376432383 -0.463180766237 1.07653825557 15.5
-0.401707168094 -0.465655055516 1.07485406637 -0.403180315419 -0.464175078786 1.07518491101 15.525
-0.401707168094 -0.465655055516 1.07485406637 -0.402655335729 -0.465051176936 1.07409158207 15.55
-0.407753009433 -0.460951370389 1.07565372813 -0.403079296094 -0.465121914315 1.07340884617 15.575
-0.397717880829 -0.470322540106 1.07290665022 -0.402003975874 -0.466528023767 1.07230215573 15.6
-0.397717880829 -0.470322540106 1.07290665022 -0.401027467741 -0.467781961133 1.07143223324 15.625
-0.397717880829 -0.470322540106 1.07290665022 -0.40014490738 -0.468892902495 1.07077253636 15.65
-0.397717880829 -0.470322540106 1.07290665022 -0.399351478562 -0.469869798456 1.07029789926 15.675
-0.402320214586 -0.461692513297 1.07060526659 -0.399322212251 -0.469446659991 1.06947374476 15.7
-0.402320214586 -0.461692513297 1.07060526659 -0.399319405789 -0.469006449617 1.06885065739 15.725
-0.401629351363 -0.46582108923 1.0669186932 -0.399238552401 -0.469163148404 1.06758554778 15.75
-0.400064534019 -0.46656708754 1.06806026824 -0.398956165423 -0.469373308991 1.0668262131 15.775
-0.400064534019 -0.46656708754 1.06806026824 -0.398718840742 -0.469523719387 1.06626036823 15.8
-0.400064534019 -0.46656708754 1.06806026824 -0.398523300227 -0.469620073147 1.06586345042 15.825
-0.403661521325 -0.463731762852 1.06569428798 -0.39889765574 -0.469249007846 1.06508731247 15.85
-0.403822039413 -0.460664911409 1.06181827177 -0.399289646148 -0.468414276069 1.06363916247 15.875
-0.403822039413 -0.460664911409 1.06181827177 -0.399672416269 -0.467607898841 1.06245992532 15.9
-0.403822039413 -0.460664911409 1.06181827177 -0.400044857506 -0.466831740101 1.0615205699 15.925
-0.403822039413 -0.460664911409 1.06181827177 -0.400405968966 -0.466087404758 1.06079368238 15.95
-0.399367875156 -0.467032064729 1.05911353482 -0.400096951472 -0.466316710436 1.05965310543 15.975
-0.399720928311 -0.462357856196 1.06276275244 -0.39987857404 -0.465816269155 1.05955796071 16.0
-0.399720928311 -0.462357856196 1.06276275244 -0.3996918329 -0.465334392914 1.05957266719 16.025
-0.399164377515 -0.45760321513 1.06438388109 -0.399452022005 -0.464170219301 1.06003784801 16.05
-0.399164377515 -0.45760321513 1.06438388109 -0.39924538845 -0.463082211484 1.06053239665 16.075
-0.398621478895 -0.46240443905 1.05757671912 -0.398989193189 -0.462778287005 1.05953219664 16.1
-0.398621478895 -0.46240443905 1.05757671912 -0.398767458197 -0.462492309956 1.05872012741 16.125
-0.398621478895 -0.46240443905 1.05757671912 -0.398577588331 -0.462224894357 1.05807431987 16.15
-0.397973270359 -0.466740438214 1.05207129872 -0.398321348482 -0.462616928201 1.05635236706 16.175
-0.397973270359 -0.466740438214 1.05207129872 -0.398099590434 -0.462978094878 1.0549057584 16.2
-0.398800533013 -0.463328510798 1.05621237625 -0.398031917084 -0.46280658818 1.05462661208 16.225
-0.398800533013 -0.463328510798 1.05621237625 -0.397984086527 -0.462647830815 1.05445847257 16.25
-0.394872844145 -0.466092178022 1.05512183421 -0.397373962119 -0.462910306157 1.05414222084 16.275
-0.394872844145 -0.466092178022 1.05512183421 -0.396825206659 -0.463154002137 1.05393364308 16.3
-0.396469694193 -0.469607170923 1.04795640428 -0.396570044705 -0.463899444977 1.05222602135 16.325
-0.396469694193 -0.469607170923 1.04795640428 -0.396350611325 -0.464588047472 1.05078808789 16.35
-0.397513333542 -0.46139654444 1.04909791352 -0.396318374145 -0.46400984935 1.04984717354 16.375
-0.397513333542 -0.46139654444 1.04909791352 -0.396304533169 -0.463475249361 1.04909438518 16.4
-0.395032041186 -0.465032665326 1.04997646289 -0.395940598802 -0.463520086365 1.04870326828 16.425
-0.395032041186 -0.465032665326 1.04997646289 -0.395619875675 -0.463563930696 1.04843496566 16.45
-0.394881031767 -0.465466391489 1.05066061631 -0.395317107367 -0.463671177988 1.04842399523 16.475
-0.396065920891 -0.461284701914 1.05063570002 -0.395228511271 -0.463155358824 1.0484784762 16.5
-0.396065920891 -0.461284701914 1.05063570002 -0.395162555659 -0.46268289996 1.04859103213 16.525
-0.396065920891 -0.461284701914 1.05063570002 -0.395117084541 -0.462252200499 1.04874930351 16.55
-0.390090374992 -0.476560956963 1.03923535595 -0.39420742072 -0.464118011313 1.04641163322 16.575
-0.389525002154 -0.470421631388 1.04354793407 -0.393299816456 -0.464938821991 1.04536310975 16.6
-0.389525002154 -0.470421631388 1.04354793407 -0.3924796549 -0.465697913364 1.04450162508 16.625
-0.39854014641 -0.461595123971 1.04584785609 -0.393073701951 -0.465094122338 1.04431772834 16.65
-0.39854014641 -0.461595123971 1.04584785609 -0.393641416135 -0.4645357669 1.04422010329 16.675
-0.393242511782 -0.465616124264 1.04687662065 -0.393399938495 -0.4646151321 1.04442342349 16.7
-0.393242511782 -0.465616124264 1.04687662065 -0.393192752605 -0.464690140024 1.04465905414 16.725
-0.3929758369 -0.466121729874 1.04096821588 -0.392977822723 -0.464835684306 1.04360585149 16.75
-0.3929758369 -0.466121729874 1.04096821588 -0.392795082985 -0.464971434072 1.04272594969 16.775
-0.392257334111 -0.471667190048 1.03511809466 -0.392535849433 -0.465916906451 1.04070297764 16.8
-0.393664978384 -0.473024038998 1.03439799503 -0.392520024321 -0.466989709759 1.03881650276 16.825
-0.393664978384 -0.473024038998 1.03439799503 -0.392520734224 -0.467976748566 1.03721979575 16.85
-0.390091796468 -0.468271842254 1.04312650187 -0.39200828712 -0.468179728709 1.03782411129 16.875
-0.390091796468 -0.468271842254 1.04312650187 -0.391549969979 -0.468359142028 1.03843159702 16.9
-0.390091796468 -0.468271842254 1.04312650187 -0.391142399402 -0.468516354047 1.0390333635 16.925
-0.390091796468 -0.468271842254 1.04312650187 -0.390782297039 -0.468652711209 1.03962159953 16.95
-0.39486159983 -0.461727438285 1.0443229791 -0.3911710184 -0.467802889935 1.0404551488 16.975
-0.39486159983 -0.461727438285 1.0443229791 -0.391545820073 -0.467010501832 1.0412305003 17.0
-0.391607953647 -0.469872190606 1.03372892823 -0.391425403673 -0.467476765176 1.03959350888 17.025
-0.391607953647 -0.469872190606 1.03372892823 -0.391327359858 -0.467902644803 1.03817960409 17.05
-0.389966395707 -0.470732398671 1.03568900649 -0.391007181769 -0.468417167585 1.03740468864 17.075
-0.387856946062 -0.468900068942 1.041391791 -0.390412801907 -0.468614623717 1.03802840575 17.1
-0.387856946062 -0.468900068942 1.041391791 -0.389877579203 -0.468789158874 1.03861718858 17.125
-0.387856946062 -0.468900068942 1.041391791 -0.389398011881 -0.468942192961 1.03916776201 17.15
-0.388410294152 -0.469608164161 1.04004241925 -0.38905243072 -0.46917970259 1.03937812787 17.175
-0.388410294152 -0.469608164161 1.04004241925 -0.388749402868 -0.469390262865 1.03958244823 17.2
-0.388410294152 -0.469608164161 1.04004241925 -0.38848598668 -0.469575522603 1.03977736087 17.225
-0.391621979219 -0.470295084551 1.03230405608 -0.388733726432 -0.469838554614 1.03824247996 17.25
-0.391621979219 -0.470295084551 1.03230405608 -0.388978364764 -0.47007152509 1.03690192748 17.275
-0.391621979219 -0.470295084551 1.03230405608 -0.389218776806 -0.470276286105 1.03574067794 17.3
-0.390853707676 -0.474041011208 1.03491950004 -0.389340461093 -0.47100794186 1.03532478344 17.325
-0.390853707676 -0.474041011208 1.03491950004 -0.389464856353 -0.471671649637 1.03498922963 17.35
-0.393882947631 -0.470120886514 1.03992551832 -0.390038215311 -0.471691862353 1.03583628956 17.375
-0.386775203717 -0.473383883127 1.03960865001 -0.389527134845 -0.472178321699 1.0365411423 17.4
-0.386775203717 -0.473383883127 1.03960865001 -0.389064085256 -0.472612865174 1.03718350314 17.425
-0.388444405897 -0.466619752567 1.03578315278 -0.388892798624 -0.471999397308 1.03691501571 17.45
-0.388554138181 -0.470141825311 1.03287334086 -0.38876090448 -0.471938403953 1.03604328812 17.475
-0.388554138181 -0.470141825311 1.03287334086 -0.388649072378 -0.471868629554 1.03528766373 17.5
-0.388554138181 -0.470141825311 1.03287334086 -0.38855558727 -0.471791364301 1.03463852469 17.525
-0.388554138181 -0.470141825311 1.03287334086 -0.388478819353 -0.471707830825 1.03408665016 17.55
-0.388554138181 -0.470141825311 1.03287334086 -0.388417222442 -0.471619182993 1.03362320703 17.575
-0.390414521413 -0.464141160418 1.04474273773 -0.388644122201 -0.470640170655 1.03587439653 17.6
-0.390414521413 -0.464141160418 1.04474273773 -0.388861835884 -0.4697275202 1.03787765461 17.625
-0.385652438617 -0.469189564594 1.04169832702 -0.388366546289 -0.469625029285 1.03897023142 17.65
-0.385652438617 -0.469189564594 1.04169832702 -0.387916346957 -0.469526700251 1.0399233109 17.675
-0.390223758864 -0.462318214146 1.03823763465 -0.388183927887 -0.468417956381 1.03997709864 17.7
-0.390223758864 -0.462318214146 1.03823763465 -0.388438776224 -0.467393483205 1.04000163933 17.725
-0.390223758864 -0.462318214146 1.03823763465 -0.388680667124 -0.466450286968 1.0399996884 17.75
-0.392823292598 -0.465776154367 1.0371767393 -0.389293411645 -0.466096079445 1.03973862009 17.775
-0.387291030133 -0.465204217626 1.04470974643 -0.389045750535 -0.465692550193 1.04115751839 17.8
-0.390361907934 -0.461164704105 1.04648866982 -0.389273581416 -0.464732625154 1.04277720335 17.825
-0.390361907934 -0.461164704105 1.04648866982 -0.389486467033 -0.463857861925 1.04416900038 17.85
-0.387081968412 -0.464165815978 1.04295208265 -0.38920009913 -0.463507808855 1.04456501572 17.875
-0.387081968412 -0.464165815978 1.04295208265 -0.388937078892 -0.46320073566 1.04486251134 17.9
-0.389274567056 -0.465236014268 1.03709023479 -0.38901998477 -0.463092373643 1.04377085451 17.925
-0.389274567056 -0.465236014268 1.03709023479 -0.389098372749 -0.463009933196 1.04275935561 17.95
-0.390333132534 -0.462603108865 1.03991645429 -0.389328443382 -0.462562691395 1.04245493236 17.975
-0.390333132534 -0.462603108865 1.03991645429 -0.389541487786 -0.462168176846 1.04215323863 18.0
-0.393728251991 -0.456295959481 1.0475076138 -0.39023941032 -0.460891763466 1.043542908 18.025
-0.393728251991 -0.456295959481 1.0475076138 -0.390881939546 -0.459734988436 1.04473752917 18.05
-0.393728251991 -0.456295959481 1.0475076138 -0.39147116965 -0.458691934473 1.04575303352 18.075
-0.386004708924 -0.465580619701 1.04380979225 -0.390868410128 -0.459128135344 1.04578406758 18.1
-0.392687333966 -0.469123426409 1.03568004381 -0.391292983888 -0.460082332227 1.04396147293 18.125
-0.392687333966 -0.469123426409 1.03568004381 -0.391679093687 -0.460988907991 1.04231685663 18.15
-0.392687333966 -0.469123426409 1.03568004381 -0.392028431823 -0.46184824738 1.04084346177 18.175
-0.389084539489 -0.458524034757 1.04313500263 -0.391810546675 -0.461095225374 1.04118876222 18.2
-0.389084539489 -0.458524034757 1.04313500263 -0.391600955716 -0.460418540254 1.04148926965 18.225
-0.383637151616 -0.46230121738 1.04798275918 -0.390595059418 -0.460371760355 1.04282575375 18.25
-0.383637151616 -0.46230121738 1.04798275918 -0.389660460115 -0.460349052421 1.04399581482 18.275
-0.388008711955 -0.46373069417 1.04695333365 -0.389440300505 -0.460559185479 1.04478331208 18.3
-0.388008711955 -0.46373069417 1.04695333365 -0.389235760981 -0.460772216904 1.04545648535 18.325
-0.388920846578 -0.464996709892 1.04230487596 -0.389181048887 -0.461173647562 1.0449933623 18.35
-0.388920846578 -0.464996709892 1.04230487596 -0.389130361751 -0.461560448702 1.04456051106 18.375
-0.38861913052 -0.468906976271 1.04102915338 -0.389039027097 -0.462509497998 1.04387577234 18.4
-0.38861913052 -0.468906976271 1.04102915338 -0.388954983921 -0.463397428493 1.0432573412 18.425
-0.384669850376 -0.467720338399 1.04570290934 -0.38829463613 -0.464050323933 1.04374071346 18.45
-0.391049472487 -0.462938791184 1.04986463034 -0.38862901556 -0.463952371574 1.04508400861 18.475
-0.391049472487 -0.462938791184 1.04986463034 -0.388939919447 -0.463866112074 1.04625685787 18.5
-0.390326397107 -0.464685255689 1.04898566141 -0.389121411955 -0.464048342113 1.04707667409 18.525
-0.390326397107 -0.464685255689 1.04898566141 -0.389289519938 -0.464219825968 1.04777447382 18.55
-0.396229626907 -0.465402583569 1.04434366042 -0.390316707981 -0.464486341218 1.04733026379 18.575
-0.386133285381 -0.473141233923 1.04370847635 -0.389772012067 -0.465876586706 1.04676860002 18.6
-0.386133285381 -0.473141233923 1.04370847635 -0.389266752724 -0.46715835569 1.04624922943 18.625
-0.386133285381 -0.473141233923 1.04370847635 -0.388799470327 -0.468335670098 1.04577233083 18.65
-0.386133285381 -0.473141233923 1.04370847635 -0.388368701913 -0.469412610809 1.04533773018 18.675
-0.386133285381 -0.473141233923 1.04370847635 -0.387972981389 -0.470393309048 1.0449449099 18.7
-0.387217119364 -0.468482423723 1.05433836828 -0.387770929264 -0.470593802106 1.04695254217 18.725
-0.387217119364 -0.468482423723 1.05433836828 -0.387588456749 -0.470760289236 1.04871351098 18.75
-0.387217119364 -0.468482423723 1.05433836828 -0.387424606555 -0.470894795314 1.05024491963 18.775
-0.387217119364 -0.468482423723 1.05433836828 -0.387278424677 -0.470999352514 1.05156359145 18.8
-0.391957066535 -0.471175193155 1.04687011193 -0.387849081465 -0.471473728167 1.05102832136 18.825
-0.391957066535 -0.471175193155 1.04687011193 -0.388380715821 -0.471891067142 1.05051427782 18.85
-0.386235486614 -0.468884434797 1.05368420876 -0.388029517976 -0.471916272867 1.05153677298 18.875
-0.386235486614 -0.468884434797 1.05368420876 -0.387708063927 -0.471917419965 1.05240203264 18.9
-0.386235486614 -0.468884434797 1.05368420876 -0.387414983114 -0.471896619889 1.05312387664 18.925
-0.384728901027 -0.466249999698 1.06066313969 -0.386926385652 -0.47146681377 1.0552647761 18.95
-0.384728901027 -0.466249999698 1.06066313969 -0.38648087745 -0.471049589416 1.05710041703 18.975
-0.385733747637 -0.469136241913 1.05766542416 -0.386224841298 -0.471071966469 1.05798989926 19.0
-0.385733747637 -0.469136241913 1.05766542416 -0.385996215614 -0.471074896732 1.05870332643 19.025
-0.385359160267 -0.4726981764 1.05539318915 -0.38573814252 -0.471586424655 1.0587543749 19.05
-0.385359160267 -0.4726981764 1.05539318915 -0.385508774755 -0.472041099485 1.05872597318 19.075
-0.38948053329 -0.463333536082 1.0596989328 -0.385915205456 -0.471059157568 1.05958645753 19.1
-0.38948053329 -0.463333536082 1.0596989328 -0.38629940213 -0.47013545249 1.06027581532 19.125
-0.38998743953 -0.469167486802 1.05990952586 -0.386736578739 -0.470130567142 1.06085919433 19.15
-0.38998743953 -0.469167486802 1.05990952586 -0.387146374435 -0.470114129276 1.06130167195 19.175
-0.384219508182 -0.461547754096 1.06738125309 -0.38667747579 -0.46896210876 1.0632786717 19.2
-0.384219508182 -0.461547754096 1.06738125309 -0.386249206123 -0.467889448239 1.06494630117 19.225
-0.388579875938 -0.468602989221 1.06334805309 -0.386503612232 -0.467935940659 1.065437288 19.25
-0.388579875938 -0.468602989221 1.06334805309 -0.386744255896 -0.467975526273 1.06578250059 19.275
-0.388579875938 -0.468602989221 1.06334805309 -0.386971252471 -0.468009063192 1.06600074963 19.3
-0.39142257025 -0.462128566329 1.07108932476 -0.387604634244 -0.467081025518 1.06782804059 19.325
-0.39142257025 -0.462128566329 1.07108932476 -0.388191834492 -0.466223296558 1.0693539405 19.35
-0.389988977901 -0.462795952168 1.07247670165 -0.388522657313 -0.465532055862 1.07091521047 19.375
-0.389988977901 -0.462795952168 1.07247670165 -0.388827012744 -0.464898554103 1.07219407963 19.4
-0.3905205917 -0.467242286919 1.06906296399 -0.389184361324 -0.464977347151 1.07246151527 19.425
-0.3905205917 -0.467242286919 1.06906296399 -0.389510997387 -0.465058037212 1.07259464729 19.45
-0.392382591793 -0.462994097617 1.06920746974 -0.390083185215 -0.464512956977 1.07264561848 19.475
-0.392382591793 -0.462994097617 1.06920746974 -0.390605622289 -0.464018490186 1.07259711689 19.5
-0.392382591793 -0.462994097617 1.06920746974 -0.39108045403 -0.463572395162 1.07246662025 19.525
-0.392382591793 -0.462994097617 1.06920746974 -0.391509835662 -0.463172412244 1.07227016386 19.55
-0.392382591793 -0.462994097617 1.06920746974 -0.391895927259 -0.462816270845 1.07202234362 19.575
-0.392382591793 -0.462994097617 1.06920746974 -0.392240888447 -0.46250169666 1.07173633177 19.6
-0.388618797266 -0.461843394175 1.08139245098 -0.391990937678 -0.462056453078 1.07412860349 19.625
-0.388618797266 -0.461843394175 1.08139245098 -0.391747667796 -0.461661549968 1.07617651822 19.65
-0.388618797266 -0.461843394175 1.08139245098 -0.391511430525 -0.461314203133 1.07791041878 19.675
-0.39635283742 -0.464938771396 1.07655951683 -0.392424920102 -0.461468859356 1.07828658622 19.7
-0.395291287105 -0.465288273595 1.07773527032 -0.393099860269 -0.46168142169 1.07879675871 19.725
-0.392386136314 -0.465285091095 1.08173907712 -0.393280131033 -0.461894525889 1.08005501938 19.75
-0.389570292581 -0.46287287961 1.08837034547 -0.393015895556 -0.461751360503 1.08255545524 19.775
-0.389570292581 -0.46287287961 1.08837034547 -0.39275760319 -0.461635141404 1.0846718536 19.8
-0.389570292581 -0.46287287961 1.08837034547 -0.392505860787 -0.461543815265 1.08643887428 19.825
-0.393574170126 -0.464833552258 1.08844700354 -0.392852625347 -0.461764990471 1.08790683398 19.85
-0.393574170126 -0.464833552258 1.08844700354 -0.393160718997 -0.46198446257 1.08908854842 19.875
-0.393574170126 -0.464833552258 1.08844700354 -0.39343248638 -0.462201287921 1.09001459221 19.9
-0.394807218598 -0.463762149833 1.08736434508 -0.393852346493 -0.462256338099 1.09047371115 19.925
-0.39332531778 -0.46614739909 1.08794783978 -0.394007262367 -0.462671762404 1.09089241597 19.95
-0.39332531778 -0.46614739909 1.08794783978 -0.394136008024 -0.463066427495 1.09114946652 19.975
