-0.255304295666 -0.112041735527 0.293361581394 -0.255304295666 -0.112041735527 0.293361581394 0.0
-0.255304295666 -0.112041735527 0.293361581394 -0.255304295666 -0.112041735527 0.293361581394 0.025
-0.255304295666 -0.112041735527 0.293361581394 -0.255304295666 -0.112041735527 0.293361581394 0.05
-0.255304295666 -0.112041735527 0.293361581394 -0.255304295666 -0.112041735527 0.293361581394 0.075
-0.270412403817 -0.10799494019 0.32902718754 -0.259370945429 -0.110952459548 0.315389442782 0.1
-0.270412403817 -0.10799494019 0.32902718754 -0.26266428172 -0.110070320116 0.326932527403 0.125
-0.270412403817 -0.10799494019 0.32902718754 -0.265391498193 -0.109339819196 0.332815876272 0.15
-0.265179272327 -0.122433409412 0.345943105391 -0.266231490493 -0.112543026099 0.34425857525 0.175
-0.265179272327 -0.122433409412 0.345943105391 -0.266814126551 -0.115284332643 0.35005777234 0.2
-0.265179272327 -0.122433409412 0.345943105391 -0.26719382104 -0.117559237475 0.352105555853 0.225
-0.268743538078 -0.125380357918 0.366876109248 -0.26832207264 -0.120146705428 0.363084873017 0.25
-0.26994265196 -0.126866758994 0.378279421475 -0.269479698871 -0.122595359546 0.374873228983 0.275
-0.26994265196 -0.126866758994 0.378279421475 -0.270372675166 -0.124554808245 0.381399788051 0.3
-0.26994265196 -0.126866758994 0.378279421475 -0.271053402173 -0.126110402109 0.384570594527 0.325
-0.27335699518 -0.129080432667 0.394994530372 -0.272328078879 -0.127832059924 0.393259214677 0.35
-0.274832396318 -0.129977860661 0.405631969572 -0.273663074486 -0.12940134315 0.402938071363 0.375
-0.274832396318 -0.129977860661 0.405631969572 -0.274736815891 -0.130657546248 0.408814232436 0.4
-0.274832396318 -0.129977860661 0.405631969572 -0.27559573955 -0.131656727831 0.412116121844 0.425
-0.274832396318 -0.129977860661 0.405631969572 -0.276276723893 -0.132443144 0.413681903215 0.45
-0.277283180976 -0.132003937727 0.424041968637 -0.277282217674 -0.133442817952 0.420883939392 0.475
-0.277283180976 -0.132003937727 0.424041968637 -0.278098862678 -0.13423957799 0.425582160822 0.5
-0.277283180976 -0.132003937727 0.424041968637 -0.278753808041 -0.134862268615 0.428476155447 0.525
-0.281536524871 -0.13427465575 0.443598488225 -0.280046933465 -0.135749338398 0.436544367535 0.55
-0.283106001699 -0.136668381673 0.458880641342 -0.281412098506 -0.136889113209 0.447101865799 0.575
-0.283106001699 -0.136668381673 0.458880641342 -0.282559563261 -0.137822547822 0.454778818877 0.6
-0.285360174633 -0.137628558637 0.473913179516 -0.283914703577 -0.138743555378 0.464763973637 0.625
-0.285360174633 -0.137628558637 0.473913179516 -0.285055650769 -0.139483410501 0.472128511093 0.65
-0.287365228251 -0.137445507939 0.489124698239 -0.28635789872 -0.140028444188 0.481761482264 0.675
-0.287365228251 -0.137445507939 0.489124698239 -0.287451001587 -0.140430990082 0.488964925519 0.7
-0.287365228251 -0.137445507939 0.489124698239 -0.288353802549 -0.140706460324 0.494232889881 0.725
-0.302035719391 -0.147606587637 0.496031288014 -0.291677603114 -0.142666054374 0.499774256446 0.75
-0.302035719391 -0.147606587637 0.496031288014 -0.294601743526 -0.144358708507 0.503762229229 0.775
-0.302035719391 -0.147606587637 0.496031288014 -0.297152541847 -0.145805098299 0.506493656237 0.8
-0.302035719391 -0.147606587637 0.496031288014 -0.299355731065 -0.147025229042 0.508207477142 0.825
-0.293688289635 -0.141684198323 0.531181000777 -0.299757018213 -0.146988690075 0.517678370953 0.85
-0.293688289635 -0.141684198323 0.531181000777 -0.300003842793 -0.14686529355 0.525169771664 0.875
-0.293688289635 -0.141684198323 0.531181000777 -0.300116147551 -0.146669733236 0.530995029827 0.9
-0.297660535591 -0.143423430777 0.556670414552 -0.300814571414 -0.146722809676 0.541390697988 0.925
-0.297660535591 -0.143423430777 0.556670414552 -0.301346133823 -0.146699394175 0.549751338386 0.95
-0.298965878498 -0.144806694726 0.569969987775 -0.301959750485 -0.146854830829 0.559421793205 0.975
-0.298965878498 -0.144806694726 0.569969987775 -0.302422032691 -0.146933441979 0.567171232614 1.0
-0.298965878498 -0.144806694726 0.569969987775 -0.302751531625 -0.146946749589 0.573253511844 1.025
-0.298965878498 -0.144806694726 0.569969987775 -0.302965438112 -0.146905175651 0.57788947449 1.05
-0.303520652871 -0.149317521745 0.596595409811 -0.303862730787 -0.147593720218 0.587261214243 1.075
-0.305671617888 -0.149826790131 0.606655668474 -0.304963344157 -0.148254135728 0.597049086544 1.1
-0.306779284064 -0.149751837065 0.617943848664 -0.306069193815 -0.148790637149 0.607459578483 1.125
-0.306779284064 -0.149751837065 0.617943848664 -0.306993003458 -0.149229536217 0.615875474667 1.15
-0.306779284064 -0.149751837065 0.617943848664 -0.307754123122 -0.149582081609 0.622523625501 1.175
-0.308599256835 -0.153012203739 0.633969709265 -0.308672571686 -0.150399919708 0.631184410249 1.2
-0.308599256835 -0.153012203739 0.633969709265 -0.309432732055 -0.151097760027 0.638041800641 1.225
-0.308599256835 -0.153012203739 0.633969709265 -0.310051697481 -0.151688058391 0.643305519649 1.25
-0.308599256835 -0.153012203739 0.633969709265 -0.310545066524 -0.152182229338 0.647171508636 1.275
-0.311597574549 -0.152522216316 0.654266807459 -0.311410456537 -0.152511689853 0.654342380143 1.3
-0.311597574549 -0.152522216316 0.654266807459 -0.312131278238 -0.152772447824 0.659918438074 1.325
-0.313683269599 -0.15392228121 0.669507151949 -0.313054291888 -0.15319518616 0.667487168034 1.35
-0.313683269599 -0.15392228121 0.669507151949 -0.313830624575 -0.153543773066 0.673423002683 1.375
-0.316437142414 -0.155278271431 0.686585098768 -0.314907386571 -0.154039200998 0.681724219903 1.4
-0.316437142414 -0.155278271431 0.686585098768 -0.315826198518 -0.154456501594 0.688308274773 1.425
-0.318179897782 -0.157671414988 0.70186506077 -0.316872616911 -0.155175126837 0.696777612181 1.45
-0.318179897782 -0.157671414988 0.70186506077 -0.31776580926 -0.155797823453 0.703504751167 1.475
-0.318179897782 -0.157671414988 0.70186506077 -0.31852009118 -0.156333593521 0.708692977817 1.5
-0.319495185589 -0.159179408864 0.713909486388 -0.319349698997 -0.157021246863 0.715212430368 1.525
-0.319495185589 -0.159179408864 0.713909486388 -0.320048107939 -0.15761772131 0.720234780289 1.55
-0.319495185589 -0.159179408864 0.713909486388 -0.320627526967 -0.158131216312 0.723946795259 1.575
-0.319495185589 -0.159179408864 0.713909486388 -0.321099210803 -0.158569268274 0.726522526478 1.6
-0.319495185589 -0.159179408864 0.713909486388 -0.321473557305 -0.158938818124 0.728123380475 1.625
-0.323603400182 -0.163092405483 0.741500265397 -0.322377486557 -0.159834231483 0.735029209213 1.65
-0.325751265819 -0.16781927314 0.761930233428 -0.323473293903 -0.161333121533 0.745037903982 1.675
-0.327669746105 -0.167769300901 0.772845979051 -0.324710612125 -0.16266933914 0.755656421519 1.7
-0.327669746105 -0.167769300901 0.772845979051 -0.325790887288 -0.163861822542 0.764362879266 1.725
-0.327669746105 -0.167769300901 0.772845979051 -0.326726457157 -0.164920672976 0.771362496654 1.75
-0.329691297361 -0.172044353274 0.782199209165 -0.327829738964 -0.166491596436 0.778925429615 1.775
-0.329691297361 -0.172044353274 0.782199209165 -0.328786511773 -0.167896043452 0.784903775743 1.8
-0.333240596456 -0.173498846899 0.800215756094 -0.330135282709 -0.169360940159 0.793483703947 1.825
-0.333240596456 -0.173498846899 0.800215756094 -0.33131766276 -0.17066340091 0.800353654196 1.85
-0.333179233832 -0.174199695589 0.812922290325 -0.332336719158 -0.171918017717 0.808528847046 1.875
-0.333179233832 -0.174199695589 0.812922290325 -0.333213829061 -0.173022797354 0.815028452325 1.9
-0.333179233832 -0.174199695589 0.812922290325 -0.333959956543 -0.17398785573 0.820045645456 1.925
-0.335016195989 -0.178009805459 0.831992160131 -0.334857627791 -0.175387231493 0.827995232227 1.95
-0.335016195989 -0.178009805459 0.831992160131 -0.335623279244 -0.176621447329 0.834299574087 1.975
-0.335016195989 -0.178009805459 0.831992160131 -0.336267324688 -0.177701379101 0.839149964003 2.0
-0.337944510513 -0.180779675907 0.850376141345 -0.33723323529 -0.179047589571 0.846807015234 2.025
-0.337944510513 -0.180779675907 0.850376141345 -0.338062940472 -0.180227943059 0.852861959508 2.05
-0.337447775422 -0.180150928654 0.861687222417 -0.33869339536 -0.181160497841 0.860013863693 2.075
-0.33890094235 -0.179145659896 0.87507687473 -0.339429059542 -0.181807602774 0.868595654059 2.1
-0.33890094235 -0.179145659896 0.87507687473 -0.340047330932 -0.182339869832 0.875458430351 2.125
-0.33890094235 -0.179145659896 0.87507687473 -0.340557863632 -0.182766602226 0.880798168022 2.15
-0.342264335153 -0.180536540845 0.889335270843 -0.341467760014 -0.183302638438 0.887964270056 2.175
-0.342264335153 -0.180536540845 0.889335270843 -0.342248907313 -0.183734535562 0.893579661873 2.2
-0.341317043135 -0.182708203679 0.901016115027 -0.342771081451 -0.184392641572 0.90042282576 2.225
-0.341317043135 -0.182708203679 0.901016115027 -0.343195093179 -0.184938801406 0.905759660439 2.25
-0.341771622539 -0.184864289856 0.914246028124 -0.343596954296 -0.185701330162 0.912709266439 2.275
-0.341771622539 -0.184864289856 0.914246028124 -0.34391241739 -0.186344856552 0.918148769478 2.3
-0.341771622539 -0.184864289856 0.914246028124 -0.344149609031 -0.186878839382 0.922260002372 2.325
-0.341771622539 -0.184864289856 0.914246028124 -0.344316250361 -0.187312359469 0.925213059805 2.35
-0.341771622539 -0.184864289856 0.914246028124 -0.344419659761 -0.187654116307 0.927166338583 2.375
-0.341771622539 -0.184864289856 0.914246028124 -0.344466756449 -0.187912425566 0.928266608709 2.4
-0.348595715429 -0.191706488833 0.947862697014 -0.345473697213 -0.189107528571 0.936111161527 2.425
-0.348595715429 -0.191706488833 0.947862697014 -0.346357687439 -0.19015515053 0.942455892384 2.45
-0.348595715429 -0.191706488833 0.947862697014 -0.34712774321 -0.191065722793 0.947472177854 2.475
-0.348132962846 -0.192002110567 0.969736181467 -0.347724060561 -0.191893017369 0.956175705848 2.5
-0.351181421033 -0.199465841696 0.977308242907 -0.348679567122 -0.193703359746 0.964952035467 2.525
-0.351181421033 -0.199465841696 0.977308242907 -0.349515702381 -0.195315678119 0.972093317329 2.55
-0.351181421033 -0.199465841696 0.977308242907 -0.350241242084 -0.19674257985 0.977779137449 2.575
-0.35055483195 -0.201500543288 1.00374338877 -0.350771962031 -0.198297103381 0.988046354464 2.6
-0.35055483195 -0.201500543288 1.00374338877 -0.351215828759 -0.199666636408 0.996473262272 2.625
-0.348628559631 -0.201514365093 1.014351557 -0.351295506066 -0.200865617474 1.00560864362 2.65
-0.348628559631 -0.201514365093 1.014351557 -0.351325125987 -0.2019038347 1.01299546903 2.675
-0.348628559631 -0.201514365093 1.014351557 -0.351310476174 -0.202792878592 1.01882517027 2.7
-0.354761421632 -0.202462357999 1.02708547067 -0.352163343309 -0.203684026344 1.02610503701 2.725
-0.354761421632 -0.202462357999 1.02708547067 -0.352911441209 -0.204436959642 1.03183530845 2.75
-0.354761421632 -0.202462357999 1.02708547067 -0.353562484123 -0.205062477586 1.03619724848 2.775
-0.353232119654 -0.206565483532 1.04663661256 -0.353897894376 -0.206177222964 1.04370093066 2.8
-0.353232119654 -0.206565483532 1.04663661256 -0.354168410819 -0.207137373408 1.04963897983 2.825
-0.353232119654 -0.206565483532 1.04663661256 -0.354380055194 -0.207954409606 1.05419366718 2.85
-0.357700941741 -0.210707864518 1.06510282318 -0.355198753862 -0.209251369033 1.06163509564 2.875
-0.357700941741 -0.210707864518 1.06510282318 -0.355917980292 -0.210378943156 1.0675266843 2.9
-0.357700941741 -0.210707864518 1.06510282318 -0.356544960043 -0.211349281996 1.07204945953 2.925
-0.35849445702 -0.213228041711 1.0819085152 -0.35720384331 -0.212546394027 1.07910363179 2.95
-0.360506732165 -0.21225174259 1.09556071233 -0.358072120991 -0.213435879865 1.0876949975 2.975
-0.360506732165 -0.21225174259 1.09556071233 -0.358835975422 -0.214185279959 1.09460205581 3.0
-0.360506732165 -0.21225174259 1.09556071233 -0.359502790643 -0.214805713906 1.10001421306 3.025
-0.360506732165 -0.21225174259 1.09556071233 -0.360079666403 -0.21530785617 1.10410968241 3.05
-0.361262087804 -0.214297691895 1.11867359553 -0.360684999747 -0.216004156341 1.11218583019 3.075
-0.361262087804 -0.214297691895 1.11867359553 -0.361205015094 -0.216578512627 1.11864521565 3.1
-0.361262087804 -0.214297691895 1.11867359553 -0.361646329982 -0.217041222393 1.12367269412 3.125
-0.361262087804 -0.214297691895 1.11867359553 -0.362015286069 -0.217402134444 1.12744191092 3.15
-0.363114205327 -0.220700914957 1.13563140338 -0.362591537021 -0.21861650396 1.13387942816 3.175
-0.361419048604 -0.218707065932 1.14971779826 -0.362835474522 -0.219378866193 1.14204215004 3.2
-0.361419048604 -0.218707065932 1.14971779826 -0.363023497672 -0.220018324915 1.14859338847 3.225
-0.361419048604 -0.218707065932 1.14971779826 -0.363160935686 -0.220545022851 1.15371626223 3.25
-0.364535771517 -0.217668646091 1.1692464051 -0.363713238083 -0.2208152698 1.16191756726 3.275
-0.364277958229 -0.216491292076 1.17847878501 -0.364150693107 -0.220829809934 1.17054655576 3.3
-0.364277958229 -0.216491292076 1.17847878501 -0.364520368902 -0.22078450203 1.1774890729 3.325
-0.364277958229 -0.216491292076 1.17847878501 -0.36482788872 -0.22068668784 1.18293410337 3.35
-0.363174218797 -0.22322475569 1.19378648139 -0.364915580202 -0.221537911292 1.19045739265 3.375
-0.367189755014 -0.218656234169 1.20405993865 -0.365557511583 -0.221597324345 1.19869575776 3.4
-0.367189755014 -0.218656234169 1.20405993865 -0.366118436705 -0.221601829919 1.2052742681 3.425
-0.364768025542 -0.224898634637 1.21346437276 -0.36624661605 -0.222480191348 1.21246946847 3.45
-0.364768025542 -0.224898634637 1.21346437276 -0.366333516539 -0.223244397117 1.21811823965 3.475
-0.369848403957 -0.227045143591 1.22159670739 -0.367133935355 -0.224220321889 1.22420863991 3.5
-0.369848403957 -0.227045143591 1.22159670739 -0.367842799707 -0.225074488641 1.22888797981 3.525
-0.369848403957 -0.227045143591 1.22159670739 -0.368466382309 -0.225815935117 1.23233066261 3.55
-0.373291722537 -0.222785543773 1.24770108735 -0.369519343311 -0.22582412141 1.24049408969 3.575
-0.373291722537 -0.222785543773 1.24770108735 -0.370459051405 -0.225785780146 1.2470320473 3.6
-0.370888051879 -0.233928936107 1.25592684716 -0.37093765478 -0.227352824387 1.25395619361 3.625
-0.370888051879 -0.233928936107 1.25592684716 -0.371344966744 -0.228755928778 1.25939344656 3.65
-0.370922818527 -0.225788156236 1.26678697226 -0.371691728924 -0.228803041988 1.26593190637 3.675
-0.370922818527 -0.225788156236 1.26678697226 -0.371977780487 -0.228800854025 1.27103446807 3.7
-0.370922818527 -0.225788156236 1.26678697226 -0.37220828493 -0.228755253266 1.27487494945 3.725
-0.367013079561 -0.231445258139 1.28645370343 -0.371810670352 -0.229507390368 1.28198132363 3.75
-0.367013079561 -0.231445258139 1.28645370343 -0.371412356208 -0.230161445542 1.2876095111 3.775
-0.367013079561 -0.231445258139 1.28645370343 -0.371015978342 -0.23072494952 1.29193394174 3.8
-0.36905155765 -0.23082015148 1.30315415837 -0.37092504834 -0.231112768431 1.2988249202 3.825
-0.36905155765 -0.23082015148 1.30315415837 -0.370817084751 -0.23143133739 1.30427764444 3.85
-0.373698355086 -0.234032634855 1.31171135205 -0.37138138921 -0.232161423724 1.31036190464 3.875
-0.373698355086 -0.234032634855 1.31171135205 -0.371880584651 -0.232797315513 1.31510707246 3.9
-0.371958487909 -0.23276915231 1.32988467239 -0.372062381762 -0.233159530405 1.32271052371 3.925
-0.371958487909 -0.23276915231 1.32988467239 -0.372208387867 -0.23345613904 1.32880121871 3.95
-0.372862249428 -0.237853561254 1.34485474708 -0.372455575816 -0.234444082544 1.33687560676 3.975
-0.372862249428 -0.237853561254 1.34485474708 -0.372663290936 -0.23531921023 1.3433701967 4.0
-0.372862249428 -0.237853561254 1.34485474708 -0.372835055895 -0.236089262081 1.34846322829 4.025
-0.369130659205 -0.236276840979 1.36077876681 -0.372423026794 -0.236528794649 1.35585692072 4.05
-0.369130659205 -0.236276840979 1.36077876681 -0.372024684396 -0.236896090336 1.36174439883 4.075
-0.369089046024 -0.239778060397 1.37450096012 -0.371635102514 -0.237714433779 1.36934557175 4.1
-0.369089046024 -0.239778060397 1.37450096012 -0.371261957223 -0.238432039867 1.37540807351 4.125
-0.369089046024 -0.239778060397 1.37450096012 -0.370906111145 -0.23905612567 1.38010848938 4.15
-0.370486659884 -0.240245600033 1.38942341635 -0.370774703626 -0.239662688036 1.38692505511 4.175
-0.370486659884 -0.240245600033 1.38942341635 -0.370645689436 -0.240183924016 1.39229850573 4.2
-0.369396827197 -0.23316198752 1.40491257855 -0.370359156571 -0.239580145213 1.39983748132 4.225
-0.369396827197 -0.23316198752 1.40491257855 -0.370089605867 -0.238985876507 1.40584626166 4.25
-0.369396827197 -0.23316198752 1.40491257855 -0.369837319016 -0.238403840137 1.41050095197 4.275
-0.369367801316 -0.23762484223 1.42278094454 -0.369598168058 -0.238495680766 1.41793318204 4.3
-0.369367801316 -0.23762484223 1.42278094454 -0.369376820908 -0.238552796723 1.42384986611 4.325
-0.372124368859 -0.237480938852 1.43921064355 -0.369580365074 -0.238557964092 1.43207300229 4.35
-0.372124368859 -0.237480938852 1.43921064355 -0.369769594835 -0.238537880523 1.43867732241 4.375
-0.372124368859 -0.237480938852 1.43921064355 -0.369945546086 -0.238496009992 1.44384511175 4.4
-0.370761072811 -0.241269104349 1.45397298989 -0.369907804948 -0.238995112294 1.45102469259 4.425
-0.372147321559 -0.248512424284 1.45916532577 -0.370079136532 -0.240504728753 1.45785473344 4.45
-0.371637213242 -0.243168718548 1.46812415517 -0.370163576461 -0.241086481073 1.46520702182 4.475
-0.371637213242 -0.243168718548 1.46812415517 -0.370243125666 -0.241599192305 1.47102542259 4.5
-0.371637213242 -0.243168718548 1.46812415517 -0.370318243595 -0.242047871885 1.47548856078 4.525
-0.371637213242 -0.243168718548 1.46812415517 -0.370389337674 -0.242437318258 1.47876415287 4.55
-0.380490247471 -0.248725066538 1.48532153228 -0.371764416811 -0.243592829883 1.48482627884 4.575
-0.380490247471 -0.248725066538 1.48532153228 -0.373033794084 -0.244633845573 1.48954004773 4.6
-0.374259446851 -0.243199094701 1.5216776016 -0.373281590871 -0.244750948088 1.50114032637 4.625
-0.374259446851 -0.243199094701 1.5216776016 -0.373504586568 -0.244830851378 1.51073148515 4.65
-0.374259446851 -0.243199094701 1.5216776016 -0.373704221882 -0.244877357441 1.51852010873 4.675
-0.37511462922 -0.242774563046 1.55311711665 -0.374008216507 -0.244831364949 1.53168054849 4.7
-0.37511462922 -0.242774563046 1.55311711665 -0.374281734056 -0.24476389695 1.54257175177 4.725
-0.37511462922 -0.242774563046 1.55311711665 -0.374526506263 -0.244677968346 1.55142230909 4.75
-0.373475314825 -0.23656774498 1.57349912607 -0.374502089219 -0.243659617192 1.56297382504 4.775
-0.373475314825 -0.23656774498 1.57349912607 -0.374471226133 -0.242700025215 1.57235888843 4.8
-0.376593764524 -0.245829404606 1.58508036058 -0.37489537101 -0.243166722986 1.58237815143 4.825
-0.372767697077 -0.242415813085 1.59736552731 -0.374713519128 -0.243079764594 1.59309389534 4.85
-0.372767697077 -0.242415813085 1.59736552731 -0.374537263848 -0.242986362821 1.6016743248 4.875
-0.370895544872 -0.230755850996 1.61402328352 -0.374090454277 -0.241166032551 1.61205219904 4.9
-0.370895544872 -0.230755850996 1.61402328352 -0.37367159684 -0.239477432998 1.62030368528 4.925
-0.371910672468 -0.217306330889 1.62478512574 -0.373430038217 -0.235929944428 1.62905627315 4.95
-0.371910672468 -0.217306330889 1.62478512574 -0.373203463277 -0.23266145491 1.63585662751 4.975
-0.371910672468 -0.217306330889 1.62478512574 -0.372991669356 -0.229661309564 1.64093552857 5.0
-0.367049943531 -0.217132389208 1.63417369499 -0.372076453338 -0.22689304598 1.64659404545 5.025
-0.367049943531 -0.217132389208 1.63417369499 -0.371231689581 -0.224373502215 1.65069840576 5.05
-0.378305575978 -0.222122398679 1.6376327962 -0.37211729395 -0.222828714182 1.65422198974 5.075
-0.378305575978 -0.222122398679 1.6376327962 -0.37293796506 -0.221452869947 1.65649523791 5.1
-0.37185950026 -0.228749326687 1.6570249175 -0.372744209916 -0.221216075404 1.66200601152 5.125
-0.37185950026 -0.228749326687 1.6570249175 -0.372565286118 -0.221054153382 1.66609660056 5.15
-0.37185950026 -0.228749326687 1.6570249175 -0.372400739129 -0.220961542168 1.66895619537 5.175
-0.366875731522 -0.249153467052 1.66483881996 -0.371513960004 -0.223946559027 1.67249463036 5.2
-0.366875731522 -0.249153467052 1.66483881996 -0.370698206612 -0.22675407338 1.67492864091 5.225
-0.366875731522 -0.249153467052 1.66483881996 -0.369950618626 -0.229388396729 1.67642019455 5.25
-0.38374836858 -0.242282608555 1.67162711286 -0.371760512958 -0.230839097629 1.67862490058 5.275
-0.38374836858 -0.242282608555 1.67162711286 -0.373437740935 -0.232205052108 1.67998898287 5.3
-0.38374836858 -0.242282608555 1.67162711286 -0.374987364206 -0.233487732774 1.6806476979 5.325
-0.384321789666 -0.237830454674 1.68244749297 -0.376499139809 -0.234031143139 1.68312593775 5.35
-0.384321789666 -0.237830454674 1.68244749297 -0.377886796788 -0.234546121009 1.68484164494 5.375
-0.371196922258 -0.251945203981 1.69107910138 -0.377217033933 -0.237117293239 1.68782962738 5.4
-0.371196922258 -0.251945203981 1.69107910138 -0.376585529391 -0.239496561907 1.69004927014 5.425
-0.371196922258 -0.251945203981 1.69107910138 -0.375991394734 -0.241690628871 1.69161310199 5.45
-0.379425039112 -0.261873142354 1.69386146734 -0.376649063258 -0.245172730217 1.69324122167 5.475
-0.379425039112 -0.261873142354 1.69386146734 -0.377247127985 -0.248368591177 1.69433394362 5.5
-0.379425039112 -0.261873142354 1.69386146734 -0.377788504203 -0.25128990404 1.6949798397 5.525
-0.379425039112 -0.261873142354 1.69386146734 -0.378276076953 -0.253948432014 1.69525873656 5.55
-0.375634935763 -0.246704365722 1.7098837764 -0.378152876293 -0.254115466468 1.69879861559 5.575
-0.375634935763 -0.246704365722 1.7098837764 -0.378025356713 -0.254218737606 1.7016748677 5.6
-0.379460076943 -0.250349455978 1.71569181183 -0.378459500804 -0.254801331408 1.70526080877 5.625
-0.379460076943 -0.250349455978 1.71569181183 -0.378847027809 -0.255287357241 1.70818776573 5.65
-0.379460076943 -0.250349455978 1.71569181183 -0.379190631725 -0.255683133196 1.71053621969 5.675
-0.378893523115 -0.261356755813 1.71861723305 -0.379409271147 -0.257620745901 1.71302963819 5.7
-0.378893523115 -0.261356755813 1.71861723305 -0.37959576642 -0.25935323247 1.71500787059 5.725
-0.370486603358 -0.275809194753 1.72527810615 -0.378510625491 -0.263026517457 1.71801676898 5.75
-0.368493786027 -0.266096860788 1.73187144042 -0.377200646465 -0.264915296829 1.72192363705 5.775
-0.368493786027 -0.266096860788 1.73187144042 -0.375981393785 -0.266584152164 1.72515536789 5.8
-0.368493786027 -0.266096860788 1.73187144042 -0.374850035633 -0.268046043306 1.72778644139 5.825
-0.387674700235 -0.265158537109 1.7313086966 -0.376636812315 -0.269175123891 1.72976149265 5.85
-0.406851045257 -0.297177559921 1.72422998654 -0.381116327564 -0.274862756615 1.72971409941 5.875
-0.406851045257 -0.297177559921 1.72422998654 -0.385240428902 -0.280021159216 1.72946540378 5.9
-0.378284069948 -0.283988648014 1.73709984086 -0.384804597876 -0.282728863244 1.73191438383 5.925
-0.378284069948 -0.283988648014 1.73709984086 -0.384373565161 -0.285112736401 1.73389537777 5.95
-0.372522667852 -0.28134381055 1.74257351669 -0.383097742663 -0.286801860931 1.73667945835 5.975
-0.372522667852 -0.28134381055 1.74257351669 -0.381896062142 -0.288236834831 1.73895612762 6.0
-0.372522667852 -0.28134381055 1.74257351669 -0.380767049799 -0.28943535962 1.74078297031 6.025
-0.372522667852 -0.28134381055 1.74257351669 -0.379709141262 -0.290414691287 1.74221372622 6.05
-0.398737844818 -0.293284446151 1.73919448987 -0.382592819688 -0.292955313933 1.74254834375 6.075
-0.398737844818 -0.293284446151 1.73919448987 -0.385241105162 -0.295171745936 1.74267425287 6.1
-0.403353025526 -0.29628940838 1.74111366619 -0.388346196779 -0.297529208589 1.74305432057 6.125
-0.403353025526 -0.29628940838 1.74111366619 -0.391183460493 -0.299569921786 1.74324422457 6.15
-0.390335507356 -0.300120658555 1.74846302516 -0.391842619864 -0.301881430662 1.74490868014 6.175
-0.390335507356 -0.300120658555 1.74846302516 -0.392409325432 -0.30387457941 1.7462484377 6.2
-0.390335507356 -0.300120658555 1.74846302516 -0.392889704129 -0.305571579151 1.74730332744 6.225
-0.384953428463 -0.290802400081 1.75489807519 -0.39249478408 -0.305617621666 1.74953856342 6.25
-0.384953428463 -0.290802400081 1.75489807519 -0.392087605219 -0.305517680093 1.75138627672 6.275
-0.384953428463 -0.290802400081 1.75489807519 -0.391671324864 -0.305287540029 1.7528888158 6.3
-0.38819529486 -0.302943159467 1.75773830714 -0.391727778589 -0.30673553272 1.75471625737 6.325
-0.38819529486 -0.302943159467 1.75773830714 -0.39174346181 -0.30794236347 1.75619859792 6.35
-0.38819529486 -0.302943159467 1.75773830714 -0.39172254365 -0.308927345208 1.75737517766 6.375
-0.38819529486 -0.302943159467 1.75773830714 -0.391669010455 -0.309709039121 1.75828279291 6.4
-0.384123865417 -0.303399680512 1.76145571158 -0.390985287327 -0.310372677786 1.75978088997 6.425
-0.384123865417 -0.303399680512 1.76145571158 -0.390323431912 -0.31086258804 1.76097597334 6.45
-0.398989333182 -0.315569136668 1.75756249955 -0.391880665065 -0.312992752783 1.76103975837 6.475
-0.388669770048 -0.314592173559 1.76429603514 -0.391766446655 -0.314696375319 1.76246948229 6.5
-0.388669770048 -0.314592173559 1.76429603514 -0.391632472671 -0.316149720824 1.76361341677 6.525
-0.388669770048 -0.314592173559 1.76429603514 -0.391481814309 -0.317372219892 1.76450536179 6.55
-0.388669770048 -0.314592173559 1.76429603514 -0.391317353006 -0.318382526121 1.76517685041 6.575
-0.388572999227 -0.327534272378 1.76433104794 -0.391127488024 -0.321110141408 1.7656649583 6.6
-0.388572999227 -0.327534272378 1.76433104794 -0.390930138132 -0.323510905243 1.76598808326 6.625
-0.388572999227 -0.327534272378 1.76433104794 -0.390727580095 -0.325607234286 1.76617125022 6.65
-0.411467358674 -0.334142967216 1.76047912029 -0.393903545301 -0.328396910441 1.76538236963 6.675
-0.411467358674 -0.334142967216 1.76047912029 -0.39681362165 -0.330848239139 1.76460112794 6.7
-0.382554564187 -0.316209684188 1.77285207796 -0.395199746421 -0.330335552884 1.76658612051 6.725
-0.409932433552 -0.334048717977 1.76188657012 -0.397723028417 -0.332372376507 1.76583374793 6.75
-0.406698435361 -0.336213941908 1.76408482812 -0.399543938349 -0.33445050466 1.76559147823 6.775
-0.406698435361 -0.336213941908 1.76408482812 -0.401188829508 -0.336245857509 1.76532127747 6.8
-0.406698435361 -0.336213941908 1.76408482812 -0.40266727897 -0.337779430425 1.76503447135 6.825
-0.407196720308 -0.33662777619 1.76519941084 -0.404062276735 -0.339132547575 1.76498822286 6.85
-0.407196720308 -0.33662777619 1.76519941084 -0.40530365865 -0.340258697855 1.76491338184 6.875
-0.407196720308 -0.33662777619 1.76519941084 -0.406400654154 -0.341176674916 1.76481881042 6.9
-0.394384911004 -0.334817771652 1.77028826015 -0.4054699003 -0.341637122209 1.76584167152 6.925
-0.394384911004 -0.334817771652 1.77028826015 -0.40456070285 -0.34194550541 1.76672167932 6.95
-0.394384911004 -0.334817771652 1.77028826015 -0.403675595611 -0.342117361892 1.76747304626 6.975
-0.407815463469 -0.345068633806 1.765160108 -0.404800650372 -0.343681545871 1.76697069138 7.0
-0.407815463469 -0.345068633806 1.765160108 -0.405798872273 -0.345019373535 1.76650338636 7.025
-0.406475194865 -0.335949362457 1.77000582455 -0.406480438494 -0.344801863318 1.76714920551 7.05
-0.406249633836 -0.336479437822 1.76919282046 -0.407033391854 -0.344576925385 1.76752316182 7.075
-0.406249633836 -0.336479437822 1.76919282046 -0.407500675838 -0.34427227584 1.76783698768 7.1
-0.42276575423 -0.338073508262 1.76753632017 -0.410328483186 -0.344134993316 1.76773024376 7.125
-0.42276575423 -0.338073508262 1.76753632017 -0.412892738201 -0.34392206445 1.76762187622 7.15
-0.42276575423 -0.338073508262 1.76753632017 -0.415207373526 -0.343644369115 1.76751501661 7.175
-0.407033609093 -0.349367721888 1.76986417154 -0.414962326489 -0.34498028341 1.7679289599 7.2
-0.407033609093 -0.349367721888 1.76986417154 -0.414676619055 -0.346140445034 1.76828634023 7.225
-0.407114361267 -0.343498416786 1.77005364918 -0.414367887085 -0.34627198894 1.7686348912 7.25
-0.407114361267 -0.343498416786 1.77005364918 -0.414028689668 -0.346323093724 1.76893270099 7.275
-0.407114361267 -0.343498416786 1.77005364918 -0.413664190952 -0.346303719121 1.76918496143 7.3
-0.412619713582 -0.343192938385 1.76965398288 -0.414092430366 -0.346178056732 1.76930778572 7.325
-0.412619713582 -0.343192938385 1.76965398288 -0.414441147785 -0.346003441603 1.76940514215 7.35
-0.412619713582 -0.343192938385 1.76965398288 -0.414717199235 -0.34578779911 1.76948049407 7.375
-0.42865072763 -0.361439266199 1.76669265033 -0.417295015821 -0.348233552841 1.76887967102 7.4
-0.42865072763 -0.361439266199 1.76669265033 -0.419627626069 -0.350441407482 1.76834266656 7.425
-0.418780588242 -0.349502456214 1.76864951953 -0.420270651348 -0.350663018057 1.7683012756 7.45
-0.418780588242 -0.349502456214 1.76864951953 -0.420809281455 -0.350813785832 1.76826557694 7.475
-0.411715743222 -0.345612167963 1.77160858246 -0.42020823268 -0.350327194717 1.76889276129 7.5
-0.411715743222 -0.345612167963 1.77160858246 -0.419600629788 -0.349830431929 1.7694464396 7.525
-0.422281033556 -0.354752997315 1.76937577799 -0.420551308278 -0.350678911722 1.76943616145 7.55
-0.422281033556 -0.354752997315 1.76937577799 -0.421381518859 -0.351421570375 1.76942272576 7.575
-0.418935437919 -0.358877006186 1.76798357039 -0.421605715857 -0.352676162494 1.76909808547 7.6
-0.418935437919 -0.358877006186 1.76798357039 -0.421765045187 -0.353794027844 1.76880963506 7.625
-0.431649302986 -0.353092377974 1.76720103324 -0.423743827729 -0.353930407576 1.76838197485 7.65
-0.434440081015 -0.361154845816 1.76455028696 -0.425935458815 -0.355206721492 1.76741969707 7.675
-0.434440081015 -0.361154845816 1.76455028696 -0.42790721844 -0.356344980484 1.76657935349 7.7
-0.434440081015 -0.361154845816 1.76455028696 -0.429671863927 -0.357354681976 1.76585298663 7.725
-0.434440081015 -0.361154845816 1.76455028696 -0.431241831492 -0.358244931212 1.76523260015 7.75
-0.429825543591 -0.36344776054 1.76378333924 -0.431947636531 -0.359363127551 1.76453995895 7.775
-0.436771646228 -0.366365307871 1.76146330978 -0.433561985877 -0.360783369844 1.76344304257 7.8
-0.436771646228 -0.366365307871 1.76146330978 -0.43498785661 -0.362050045746 1.76251015292 7.825
-0.424984157136 -0.359144507904 1.76741085078 -0.434496359751 -0.362106670292 1.7630483705 7.85
-0.435901113717 -0.373908195189 1.76122165464 -0.435589204448 -0.364293682581 1.76219053899 7.875
-0.435901113717 -0.373908195189 1.76122165464 -0.436533603138 -0.3662656621 1.76147499601 7.9
-0.435901113717 -0.373908195189 1.76122165464 -0.437340265425 -0.368035171712 1.76088899855 7.925
-0.434746020948 -0.37410149162 1.7609262374 -0.437848917281 -0.369642976957 1.76035458903 7.95
-0.434746020948 -0.37410149162 1.7609262374 -0.438253493396 -0.371070157948 1.75993332713 7.975
-0.434746020948 -0.37410149162 1.7609262374 -0.438563036394 -0.372328321548 1.75961318061 8.0
-0.429557988032 -0.379284728453 1.76229380643 -0.438019902337 -0.374194316999 1.75968618042 8.025
-0.429032519386 -0.375136860626 1.7623528887 -0.437381036528 -0.375240854219 1.75981404718 8.05
-0.429032519386 -0.375136860626 1.7623528887 -0.436735571946 -0.376141532485 1.75997406001 8.075
-0.437065506468 -0.391083352004 1.75554243544 -0.437274837597 -0.379262402577 1.75864720293 8.1
-0.437065506468 -0.391083352004 1.75554243544 -0.437723861968 -0.382073989777 1.75752204755 8.125
-0.429998589634 -0.383728770249 1.76008008046 -0.437046646291 -0.383507398784 1.75758791228 8.15
-0.429998589634 -0.383728770249 1.76008008046 -0.436376173511 -0.384751011783 1.75769805592 8.175
-0.451838786584 -0.392066164129 1.74921769563 -0.438942123928 -0.387049486466 1.75543271199 8.2
-0.451838786584 -0.392066164129 1.74921769563 -0.441269446806 -0.389087713136 1.75348778214 8.225
-0.451838786584 -0.392066164129 1.74921769563 -0.443371460619 -0.390881969966 1.75183711184 8.25
-0.451838786584 -0.392066164129 1.74921769563 -0.445261131266 -0.39244810613 1.75045530002 8.275
-0.425531959197 -0.387287324055 1.75745510846 -0.443065396874 -0.393095665832 1.75114620529 8.3
-0.425531959197 -0.387287324055 1.75745510846 -0.440986349928 -0.393600717473 1.75183565062 8.325
-0.465543891259 -0.404312451606 1.74229819507 -0.444933515541 -0.396490211025 1.74915079903 8.35
-0.465543891259 -0.404312451606 1.74229819507 -0.448533459029 -0.399064351985 1.74685697843 8.375
-0.437747130276 -0.399933913602 1.74781825492 -0.447698110271 -0.400695694504 1.74614654513 8.4
-0.437747130276 -0.399933913602 1.74781825492 -0.446871932284 -0.40210038921 1.74561356111 8.425
-0.460915968052 -0.392974969673 1.74169000597 -0.449481000982 -0.402266774044 1.74387655753 8.45
-0.460915968052 -0.392974969673 1.74169000597 -0.451838824027 -0.402318874965 1.74244093031 8.475
-0.460915968052 -0.392974969673 1.74169000597 -0.453959528035 -0.402268567949 1.74127716107 8.5
-0.460915968052 -0.392974969673 1.74169000597 -0.455856895416 -0.402127182524 1.74035698645 8.525
-0.467106975761 -0.394039355194 1.73741728242 -0.458458810347 -0.402062710577 1.73870504051 8.55
-0.467106975761 -0.394039355194 1.73741728242 -0.460792327717 -0.401915846842 1.73735930085 8.575
-0.420868275243 -0.402287423031 1.74797157884 -0.45604335159 -0.40291503779 1.73863090096 8.6
-0.420868275243 -0.402287423031 1.74797157884 -0.451591484005 -0.403756227927 1.73986256767 8.625
-0.445044733089 -0.411476248423 1.73872547079 -0.451000845815 -0.405809582465 1.73899175313 8.65
-0.445044733089 -0.411476248423 1.73872547079 -0.450413643221 -0.407623979715 1.73831134123 8.675
-0.445044733089 -0.411476248423 1.73872547079 -0.449833628403 -0.409215552585 1.737798126 8.7
-0.452895621584 -0.401648482915 1.73595558625 -0.450423813151 -0.409148257085 1.73681561059 8.725
-0.452895621584 -0.401648482915 1.73595558625 -0.450936838346 -0.409002358212 1.73603313125 8.75
-0.448994827512 -0.398947172134 1.73656000837 -0.450802921466 -0.408388688519 1.73556140055 8.775
-0.448994827512 -0.398947172134 1.73656000837 -0.450649387547 -0.407746755909 1.73522801913 8.8
-0.463057874842 -0.416001923545 1.728043167 -0.452557326845 -0.409603101005 1.73312310129 8.825
-0.463057874842 -0.416001923545 1.728043167 -0.45429053012 -0.411248356233 1.73134871295 8.85
-0.463057874842 -0.416001923545 1.728043167 -0.455858898722 -0.412696918492 1.72987354002 8.875
-0.447856927555 -0.403196970324 1.73315397173 -0.455026766596 -0.412071280834 1.72980217241 8.9
-0.447856927555 -0.403196970324 1.73315397173 -0.454224469181 -0.411424190478 1.72983405505 8.925
-0.447856927555 -0.403196970324 1.73315397173 -0.453453875721 -0.410762421553 1.72995119802 8.95
-0.447856927555 -0.403196970324 1.73315397173 -0.452716575849 -0.410092229087 1.73013710279 8.975
-0.448406899383 -0.407619014762 1.73026532292 -0.452095120992 -0.410072520023 1.72973556288 9.0
-0.450815285469 -0.400594035637 1.73009522097 -0.45185870518 -0.408966617503 1.72941430992 9.025
-0.450815285469 -0.400594035637 1.73009522097 -0.451624809296 -0.407900212077 1.7291985404 9.05
-0.450480697098 -0.397744423442 1.72917770158 -0.451345963246 -0.406455452162 1.72886855624 9.075
-0.450480697098 -0.397744423442 1.72917770158 -0.451077175051 -0.405088781643 1.72863807741 9.1
-0.450480697098 -0.397744423442 1.72917770158 -0.450819785724 -0.403801007135 1.72849216838 9.125
-0.45339200392 -0.397370643677 1.72841264716 -0.451004945289 -0.402537301107 1.72824736521 9.15
-0.451261703346 -0.397126248914 1.72741727058 -0.450855254016 -0.401321074343 1.72786076329 9.175
-0.459329584629 -0.406502584416 1.72315364564 -0.451903796904 -0.401575613592 1.72662120653 9.2
-0.459329584629 -0.406502584416 1.72315364564 -0.452866566134 -0.40180652045 1.72557688406 9.225
-0.465017544141 -0.404058425987 1.72048691469 -0.45458829065 -0.401655811327 1.72411644365 9.25
-0.465017544141 -0.404058425987 1.72048691469 -0.456167491727 -0.401515486074 1.7228853504 9.275
-0.463110877105 -0.406376443046 1.71970891709 -0.457329505963 -0.401729216475 1.72168899831 9.3
-0.463110877105 -0.406376443046 1.71970891709 -0.458384825354 -0.40192883962 1.72070018981 9.325
-0.463110877105 -0.406376443046 1.71970891709 -0.459339234683 -0.402116226609 1.71989777471 9.35
-0.463110877105 -0.406376443046 1.71970891709 -0.46019838133 -0.402293025359 1.71926167351 9.375
-0.463324134497 -0.408162849593 1.71764744002 -0.460999274563 -0.402724542547 1.718315305 9.4
-0.463324134497 -0.408162849593 1.71764744002 -0.461713320609 -0.403127518493 1.71755391083 9.425
-0.454138454875 -0.407710199297 1.71935153229 -0.460989070265 -0.403437022896 1.7173353705 9.45
-0.455427849626 -0.400120469014 1.72003360583 -0.460485145007 -0.40260587363 1.71736765525 9.475
-0.455427849626 -0.400120469014 1.72003360583 -0.459996901219 -0.401844290015 1.71746584779 9.5
-0.455427849626 -0.400120469014 1.72003360583 -0.459525514991 -0.401149989813 1.7176171489 9.525
-0.46348590703 -0.398115329441 1.71606185784 -0.460262239655 -0.400224405843 1.71692829703 9.55
-0.46348590703 -0.398115329441 1.71606185784 -0.460924571445 -0.3993843963 1.71637741149 9.575
-0.469749730287 -0.410197904475 1.71061784994 -0.462442252244 -0.400411104689 1.71473975719 9.6
-0.469749730287 -0.410197904475 1.71061784994 -0.463822053121 -0.401376570745 1.71335521066 9.625
-0.469749730287 -0.410197904475 1.71061784994 -0.465071179651 -0.402282833846 1.71220012819 9.65
-0.461083111049 -0.416914682131 1.71145152256 -0.464916583386 -0.40412399833 1.71143699457 9.675
-0.461083111049 -0.416914682131 1.71145152256 -0.464745495798 -0.405832260923 1.71083681472 9.7
-0.460916149869 -0.403266924931 1.71423190836 -0.46453594422 -0.405396866623 1.710997825 9.725
-0.460916149869 -0.403266924931 1.71423190836 -0.464317058258 -0.404996542779 1.71121012706 9.75
-0.461532006749 -0.402179403922 1.71323513632 -0.464182110892 -0.404469289393 1.71124062912 9.775
-0.459621534145 -0.395297934791 1.71495462848 -0.463752981765 -0.402970497152 1.71170840831 9.8
-0.459621534145 -0.395297934791 1.71495462848 -0.463336238503 -0.401594255583 1.71217411711 9.825
-0.459621534145 -0.395297934791 1.71495462848 -0.462933119811 -0.400335408508 1.71263051251 9.85
-0.462658989896 -0.403285344995 1.71140121649 -0.462993364397 -0.400368585902 1.7122826641 9.875
-0.462658989896 -0.403285344995 1.71140121649 -0.463034144026 -0.400416497244 1.71200992024 9.9
-0.466603216088 -0.402738671218 1.70953840048 -0.463640271619 -0.400397016849 1.71138840962 9.925
-0.466603216088 -0.402738671218 1.70953840048 -0.464185645583 -0.400395853882 1.71087236124 9.95
-0.463901249693 -0.40703459184 1.70855271078 -0.464274976376 -0.401045953377 1.71023115313 9.975
-0.463901249693 -0.40703459184 1.70855271078 -0.464342273072 -0.401661559493 1.70969915128 10.0
-0.461941136769 -0.409624810113 1.70881500885 -0.46410028388 -0.402625771921 1.7093226752 10.025
-0.461941136769 -0.409624810113 1.70881500885 -0.463863331192 -0.40352660516 1.70902530922 10.05
-0.461941136769 -0.409624810113 1.70881500885 -0.463632505067 -0.404365878564 1.70879714005 10.075
-0.45818768777 -0.399957267405 1.71200033293 -0.462854365365 -0.403717504605 1.70933603398 10.1
-0.459410510035 -0.406226676915 1.70912764955 -0.462308180963 -0.404049154117 1.70920299144 10.125
-0.459410510035 -0.406226676915 1.70912764955 -0.461798159885 -0.404359718108 1.70911085226 10.15
-0.462849734091 -0.407150739705 1.70859907769 -0.461831726586 -0.404786089626 1.70893572233 10.175
-0.462849734091 -0.407150739705 1.70859907769 -0.461860450249 -0.405181541693 1.70880323871 10.2
-0.462849734091 -0.407150739705 1.70859907769 -0.461885180196 -0.405546996949 1.70870714946 10.225
-0.456793200487 -0.405623550357 1.71005629495 -0.461012088202 -0.405657841298 1.70896523549 10.25
-0.457471918051 -0.394796145231 1.71257119503 -0.460306708656 -0.404159029726 1.70976787048 10.275
-0.457471918051 -0.394796145231 1.71257119503 -0.459658685634 -0.402775326519 1.71048697802 10.3
-0.45647834625 -0.400838664761 1.71126873458 -0.45891925265 -0.402394484872 1.71083624666 10.325
-0.45647834625 -0.400838664761 1.71126873458 -0.458244579857 -0.402049390992 1.71114311976 10.35
-0.46449176081 -0.402429913221 1.7090620457 -0.458815699763 -0.401973221189 1.71091913875 10.375
-0.46449176081 -0.402429913221 1.7090620457 -0.459353690672 -0.40191070997 1.7107152883 10.4
-0.46449176081 -0.402429913221 1.7090620457 -0.459859646517 -0.401860807218 1.71052971126 10.425
-0.46361670282 -0.39043609818 1.71288761485 -0.460205380308 -0.400050936685 1.71120995495 10.45
-0.462916763904 -0.392662566953 1.71131599641 -0.460427916742 -0.398719205361 1.71145350489 10.475
-0.462916763904 -0.392662566953 1.71131599641 -0.460639345239 -0.397504411521 1.71165699112 10.5
-0.462993756291 -0.398179586192 1.71200142882 -0.460851307222 -0.397215943804 1.71197537393 10.525
-0.462149700262 -0.398530233623 1.71126676189 -0.460927128349 -0.397021448805 1.71207786711 10.55
-0.462149700262 -0.398530233623 1.71126676189 -0.461001530316 -0.396862266993 1.71215149181 10.575
-0.462149700262 -0.398530233623 1.71126676189 -0.461074403457 -0.396735808605 1.71219912956 10.6
-0.468699412266 -0.405594950022 1.70766659016 -0.462113069697 -0.397683048959 1.7114245098 10.625
-0.468699412266 -0.405594950022 1.70766659016 -0.463074263142 -0.398576350401 1.71072658454 10.65
-0.466374405704 -0.391534658074 1.71214877494 -0.46361754661 -0.397339868489 1.71109671309 10.675
-0.468484093935 -0.403218384466 1.70865267449 -0.464427815838 -0.397939733075 1.71063952614 10.7
-0.468484093935 -0.403218384466 1.70865267449 -0.465170956103 -0.398509582092 1.71022933561 10.725
-0.47147209922 -0.400398318572 1.70903182984 -0.46629119816 -0.398632938258 1.70994817597 10.75
-0.465287468373 -0.40157682185 1.71066266166 -0.466402023206 -0.398933165031 1.71006143738 10.775
-0.465287468373 -0.40157682185 1.71066266166 -0.466492724746 -0.399221465282 1.71016151823 10.8
-0.46337875109 -0.3971098113 1.71248730221 -0.46628272959 -0.398837572599 1.71065453614 10.825
-0.46337875109 -0.3971098113 1.71248730221 -0.466077373418 -0.398492556906 1.71108733528 10.85
-0.46337875109 -0.3971098113 1.71248730221 -0.46587707391 -0.398184013347 1.71146405994 10.875
-0.462870179113 -0.388705870635 1.71573156128 -0.465607103796 -0.396668303127 1.71250891668 10.9
-0.462870179113 -0.388705870635 1.71573156128 -0.465348824962 -0.39528165445 1.71341835997 10.925
-0.462870179113 -0.388705870635 1.71573156128 -0.465102328928 -0.394017938105 1.71420197255 10.95
-0.462898264482 -0.391898591271 1.71510228114 -0.464871821972 -0.393342688399 1.71472955361 10.975
-0.462898264482 -0.391898591271 1.71510228114 -0.464652854007 -0.392741440834 1.71516709043 11.0
-0.46221809159 -0.391510290085 1.71545849026 -0.464344960016 -0.392152464739 1.71560173411 11.025
-0.453964475262 -0.39008552468 1.71911755151 -0.462837325382 -0.391422873103 1.7167648972 11.05
-0.453964475262 -0.39008552468 1.71911755151 -0.461444093342 -0.390775214762 1.71775402969 11.075
-0.464937803436 -0.390715759296 1.7158492041 -0.461781777101 -0.390297640198 1.71785800837 11.1
-0.464937803436 -0.390715759296 1.7158492041 -0.462098335323 -0.389884942615 1.71790440617 11.125
-0.465320763648 -0.399604500771 1.71415079305 -0.462451131708 -0.390845623002 1.71752417498 11.15
-0.462902048189 -0.395518978462 1.71609357057 -0.462422689908 -0.391156235753 1.71757884468 11.175
-0.462902048189 -0.395518978462 1.71609357057 -0.462399170362 -0.391467484985 1.71758893359 11.2
-0.462902048189 -0.395518978462 1.71609357057 -0.462380354864 -0.391777586865 1.71756145851 11.225
-0.460531677182 -0.395879102699 1.71739345294 -0.462015893789 -0.392138080739 1.71779147366 11.25
-0.460531677182 -0.395879102699 1.71739345294 -0.461683068365 -0.392490089066 1.71796142606 11.275
-0.462188910959 -0.393872107555 1.7171269697 -0.461625294828 -0.392535946731 1.71801992656 11.3
-0.462188910959 -0.393872107555 1.7171269697 -0.46157725672 -0.392594214506 1.71804055101 11.325
-0.468136101402 -0.39307735293 1.71638208512 -0.462416795596 -0.392545597647 1.71786421635 11.35
-0.467055221486 -0.39397309361 1.71747793123 -0.463036469762 -0.392647203983 1.71792532327 11.375
-0.467055221486 -0.39397309361 1.71747793123 -0.46361063918 -0.392754344468 1.71795502621 11.4
-0.467055221486 -0.39397309361 1.71747793123 -0.464141009642 -0.392865537129 1.71795866373 11.425
-0.467055221486 -0.39397309361 1.71747793123 -0.464629291506 -0.392979419655 1.71794108549 11.45
-0.469291376906 -0.389669478897 1.71771763908 -0.465407492745 -0.392459076301 1.71795987492 11.475
-0.469291376906 -0.389669478897 1.71771763908 -0.46612118294 -0.391988800941 1.71795928259 11.5
-0.45936138893 -0.388827216383 1.7217694258 -0.46530641363 -0.391441135444 1.71884258003 11.525
-0.45936138893 -0.388827216383 1.7217694258 -0.464547479135 -0.390947280581 1.7196046824 11.55
-0.45936138893 -0.388827216383 1.7217694258 -0.463842463584 -0.390503999164 1.7202557281 11.575
-0.462395298467 -0.390288787758 1.72238048179 -0.463637569617 -0.390324039213 1.72094109893 11.6
-0.456405949154 -0.387200701583 1.72543879665 -0.462562996989 -0.389715456814 1.7221969002 11.625
-0.456405949154 -0.387200701583 1.72543879665 -0.461572142048 -0.389167839226 1.72327188544 11.65
-0.461505079846 -0.390676039641 1.72474659867 -0.461414833628 -0.389190914615 1.72402735223 11.675
-0.461505079846 -0.390676039641 1.72474659867 -0.461275594987 -0.389227673209 1.72465011344 11.7
-0.460717143381 -0.386254650421 1.7258669968 -0.461037092074 -0.388623285366 1.72540170642 11.725
-0.460717143381 -0.386254650421 1.7258669968 -0.460823866716 -0.388080271522 1.72601558944 11.75
-0.462821948179 -0.38050060464 1.72789267848 -0.460945492611 -0.386745077072 1.72695516838 11.775
-0.462821948179 -0.38050060464 1.72789267848 -0.461065430633 -0.385530588199 1.72772941083 11.8
-0.466456346008 -0.389577665516 1.72452494976 -0.461720193465 -0.385771384478 1.72760690251 11.825
-0.466456346008 -0.389577665516 1.72452494976 -0.462330642455 -0.386015729605 1.72744140459 11.85
-0.463860972032 -0.398802323834 1.72471377284 -0.462514856507 -0.387624490242 1.72728374799 11.875
-0.465530445048 -0.392502632609 1.72733376128 -0.462934234373 -0.388196412007 1.72767669433 11.9
-0.465530445048 -0.392502632609 1.72733376128 -0.463323125945 -0.388737726398 1.72797588415 11.925
-0.465530445048 -0.392502632609 1.72733376128 -0.463682577916 -0.389248469543 1.72819294659 11.95
-0.464874350642 -0.377587257041 1.73069652054 -0.463916744294 -0.387525693944 1.72908519556 11.975
-0.464874350642 -0.377587257041 1.73069652054 -0.464131197903 -0.385945184758 1.72982571291 12.0
-0.464874350642 -0.377587257041 1.73069652054 -0.464326721116 -0.38450026408 1.73042974116 12.025
-0.464874350642 -0.377587257041 1.73069652054 -0.464504107498 -0.383184353476 1.73091176455 12.05
-0.461517539308 -0.389534192269 1.73370605568 -0.464168338196 -0.383755609107 1.7319535259 12.075
-0.452754121882 -0.406532468404 1.7327473611 -0.462560443987 -0.386815642536 1.73260603539 12.1
-0.452754121882 -0.406532468404 1.7327473611 -0.461075385661 -0.389656535912 1.7331253243 12.125
-0.452754121882 -0.406532468404 1.7327473611 -0.459708269026 -0.392285762721 1.73352631088 12.15
-0.458995731161 -0.388811178106 1.73548052261 -0.459376126679 -0.392093359417 1.73442977052 12.175
-0.471868598685 -0.380426763114 1.73510224301 -0.460981387688 -0.390671001869 1.73508466163 12.2
-0.471868598685 -0.380426763114 1.73510224301 -0.462471886623 -0.389353471525 1.73560231441 12.225
-0.471868598685 -0.380426763114 1.73510224301 -0.463851768889 -0.38813631205 1.73599837017 12.25
-0.454529026224 -0.384023882486 1.7411833713 -0.462564036752 -0.387546454582 1.73763741206 12.275
-0.454529026224 -0.384023882486 1.7411833713 -0.461374501702 -0.387006675301 1.73901959408 12.3
-0.45073048647 -0.396434953867 1.74110116592 -0.459718120102 -0.3883476031 1.74015020946 12.325
-0.45073048647 -0.396434953867 1.74110116592 -0.458195914211 -0.389590054957 1.74107232032 12.35
-0.455423402398 -0.392966493948 1.74102896129 -0.457495319609 -0.390225123847 1.74179138242 12.375
-0.455423402398 -0.392966493948 1.74102896129 -0.456863188973 -0.390808684409 1.74234584156 12.4
-0.455423402398 -0.392966493948 1.74102896129 -0.456296039918 -0.391342614401 1.74275499735 12.425
-0.45109014342 -0.38305903105 1.74637833982 -0.455150371783 -0.39036544434 1.74422446879 12.45
-0.45109014342 -0.38305903105 1.74637833982 -0.454112917273 -0.389457074033 1.74543980721 12.475
-0.45109014342 -0.38305903105 1.74637833982 -0.453178263169 -0.388614829358 1.74642630775 12.5
-0.466785236224 -0.38898172525 1.74380507786 -0.454659307682 -0.388710881183 1.74663691108 12.525
-0.466785236224 -0.38898172525 1.74380507786 -0.456051027813 -0.388799312817 1.7467350734 12.55
-0.463353439371 -0.387858927971 1.74670427776 -0.45684868669 -0.388714469388 1.74738153513 12.575
-0.460603089665 -0.378939712567 1.74958797493 -0.457194849694 -0.387317963088 1.74851067517 12.6
-0.460603089665 -0.378939712567 1.74958797493 -0.457528253704 -0.386030034525 1.74942441932 12.625
-0.460603089665 -0.378939712567 1.74958797493 -0.457848377214 -0.384846196296 1.75014624058 12.65
-0.459177441889 -0.386209083768 1.75098327931 -0.457944201683 -0.384835708152 1.75100803077 12.675
-0.449258907064 -0.384911310002 1.75372961035 -0.456577396979 -0.384644654192 1.75229294222 12.7
-0.449258907064 -0.384911310002 1.75372961035 -0.455326709974 -0.384478724243 1.75333933878 12.725
-0.449258907064 -0.384911310002 1.75372961035 -0.45418659072 -0.384336329557 1.75417264571 12.75
-0.449258907064 -0.384911310002 1.75372961035 -0.453151567815 -0.384215911033 1.7548169342 12.775
-0.456780506209 -0.386724491832 1.75379471147 -0.453327236207 -0.384383760423 1.75530935335 12.8
-0.45771602212 -0.376036716386 1.75713283634 -0.45364852303 -0.382970957357 1.75639597043 12.825
-0.45771602212 -0.376036716386 1.75713283634 -0.45396475597 -0.38167912211 1.75726588631 12.85
-0.458672671909 -0.389483126545 1.75641683182 -0.454416095588 -0.382488780549 1.75778459629 12.875
-0.458672671909 -0.389483126545 1.75641683182 -0.454849130413 -0.38325280996 1.75815333144 12.9
-0.460498564601 -0.375344700238 1.75884610944 -0.455533054307 -0.381883720785 1.75893164423 12.925
-0.460498564601 -0.375344700238 1.75884610944 -0.456176656416 -0.380634203505 1.75953373527 12.95
-0.463835877578 -0.386955401989 1.75754430506 -0.457273428841 -0.381213521938 1.75969233522 12.975
-0.453929838413 -0.383196108891 1.76165581716 -0.456829308426 -0.381211550775 1.76066437942 13.0
-0.453198189345 -0.383326162656 1.76236135137 -0.456316245992 -0.38124612422 1.76159961381 13.025
-0.453198189345 -0.383326162656 1.76236135137 -0.455848497492 -0.381294718537 1.76234473972 13.05
-0.461854579692 -0.385876641354 1.76141626596 -0.45670213029 -0.381732379097 1.76271212433 13.075
-0.461854579692 -0.385876641354 1.76141626596 -0.457496007244 -0.382151297409 1.76295776788 13.1
-0.452311578913 -0.385575998521 1.76511538633 -0.45682227064 -0.382506746747 1.76392047963 13.125
-0.452311578913 -0.385575998521 1.76511538633 -0.456202586516 -0.382846369105 1.7646958224 13.15
-0.455770236564 -0.384622540615 1.76509384956 -0.456145167073 -0.383029030114 1.76530044349 13.175
-0.455770236564 -0.384622540615 1.76509384956 -0.45609657274 -0.38320636075 1.76575978464 13.2
-0.455770236564 -0.384622540615 1.76509384956 -0.456055908082 -0.383377765296 1.7660925544 13.225
-0.46010013535 -0.381861083605 1.76756168074 -0.456661889625 -0.383134839898 1.76686392348 13.25
-0.46010013535 -0.381861083605 1.76756168074 -0.45722412598 -0.382916949055 1.76747568442 13.275
-0.456807869902 -0.379903433645 1.76806784836 -0.457257645638 -0.382433260018 1.76805928361 13.3
-0.449492800516 -0.400245485154 1.76705920522 -0.456207687386 -0.384998600235 1.76828265804 13.325
-0.449492800516 -0.400245485154 1.76705920522 -0.455239169 -0.387370676603 1.76841432193 13.35
-0.440371012044 -0.388147769738 1.77320215889 -0.453001208469 -0.387769770136 1.76983227256 13.375
-0.440371012044 -0.388147769738 1.77320215889 -0.450943114759 -0.388129902564 1.7710206462 13.4
-0.45650479171 -0.394292573395 1.76841342852 -0.45144019145 -0.389360298014 1.7709392269 13.425
-0.465885404059 -0.384260498613 1.76770693706 -0.45330071266 -0.389002132928 1.77064474891 13.45
-0.465885404059 -0.384260498613 1.76770693706 -0.455030589659 -0.388657765308 1.77032510021 13.475
-0.465885404059 -0.384260498613 1.76770693706 -0.456634233073 -0.388327067009 1.76998991749 13.5
-0.469161669221 -0.39481482196 1.76913587358 -0.45860003018 -0.389568863922 1.76996488226 13.525
-0.469161669221 -0.39481482196 1.76913587358 -0.460410691449 -0.390702091135 1.76990170654 13.55
-0.452747986601 -0.385283575803 1.77303562715 -0.459647919783 -0.390323798003 1.77067485162 13.575
-0.452747986601 -0.385283575803 1.77303562715 -0.458932026128 -0.389956870252 1.77132142289 13.6
-0.453855857073 -0.379910903468 1.77549342492 -0.458425088975 -0.388808093584 1.77240063766 13.625
-0.442065884626 -0.387111834467 1.77911724047 -0.456207672 -0.388797122262 1.77411782468 13.65
-0.442065884626 -0.387111834467 1.77911724047 -0.454156536777 -0.388774861936 1.77558709069 13.675
-0.442065884626 -0.387111834467 1.77911724047 -0.452265140846 -0.388742453944 1.77683002719 13.7
-0.442065884626 -0.387111834467 1.77911724047 -0.450526952329 -0.388701003634 1.77786736527 13.725
-0.449635188608 -0.398628539912 1.77722347209 -0.450053483658 -0.390352664162 1.77829860682 13.75
-0.453067315155 -0.39130781974 1.77873450197 -0.450139632482 -0.390782906153 1.77894952116 13.775
-0.453067315155 -0.39130781974 1.77873450197 -0.450235858333 -0.391164088631 1.77945874791 13.8
-0.453067315155 -0.39130781974 1.77873450197 -0.450340894192 -0.391499118604 1.77984275224 13.825
-0.453067315155 -0.39130781974 1.77873450197 -0.450453508846 -0.391790849458 1.78011704957 13.85
-0.451586321136 -0.370644218027 1.78383062059 -0.450353760494 -0.388989937417 1.78142737449 13.875
-0.461568063665 -0.395651540194 1.7776361663 -0.45175074313 -0.390083891163 1.78114380183 13.9
-0.461568063665 -0.395651540194 1.7776361663 -0.4530528958 -0.391082783477 1.78082971012 13.925
-0.461568063665 -0.395651540194 1.7776361663 -0.454263182094 -0.391991259098 1.7804947704 13.95
-0.464622922314 -0.365777412322 1.78469401528 -0.455835840886 -0.388401304827 1.78171428275 13.975
-0.464622922314 -0.365777412322 1.78469401528 -0.457287402881 -0.385075408692 1.78273910151 14.0
-0.46628024677 -0.372173979279 1.78372306607 -0.458867225109 -0.382948740488 1.78337271258 14.025
-0.46628024677 -0.372173979279 1.78372306607 -0.460315954374 -0.380992821747 1.78387484493 14.05
-0.455238844754 -0.379833966649 1.78591013959 -0.460008132288 -0.380332317083 1.78474635133 14.075
-0.455238844754 -0.379833966649 1.78591013959 -0.459707749299 -0.379740423276 1.78545725808 14.1
-0.454465828294 -0.379452582183 1.78715877326 -0.459300894944 -0.379157560628 1.78630200459 14.125
-0.454465828294 -0.379452582183 1.78715877326 -0.458910963575 -0.378641196378 1.78698610094 14.15
-0.454465828294 -0.379452582183 1.78715877326 -0.458537869627 -0.378187860585 1.78752707265 14.175
-0.445170637714 -0.395198376042 1.78778202015 -0.456808565448 -0.380119829623 1.78807981099 14.2
-0.445170637714 -0.395198376042 1.78778202015 -0.455203370477 -0.38192584478 1.78850474298 14.225
-0.446386528349 -0.391018561501 1.78957024183 -0.453897379511 -0.382992498768 1.78921445818 14.25
-0.446386528349 -0.391018561501 1.78957024183 -0.452692422496 -0.383989507039 1.78977849569 14.275
-0.453127996915 -0.388437523728 1.78961007884 -0.452580292216 -0.384537706272 1.7902224715 14.3
-0.452275388725 -0.382568930214 1.79136303149 -0.452357377355 -0.384183454599 1.79094133745 14.325
-0.452275388725 -0.382568930214 1.79136303149 -0.452158657939 -0.383862360774 1.79151357519 14.35
-0.45111336374 -0.388488027213 1.79193317242 -0.451811274555 -0.384446916596 1.79208260278 14.375
-0.45111336374 -0.388488027213 1.79193317242 -0.451499076498 -0.384992645586 1.79252234817 14.4
-0.439110885944 -0.394802629163 1.7935879549 -0.44944745597 -0.386433324793 1.79321594264 14.425
-0.440840877703 -0.3923103948 1.79478987363 -0.447821787031 -0.387396235143 1.7940330678 14.45
-0.440840877703 -0.3923103948 1.79478987363 -0.44633913191 -0.38828243209 1.79469120255 14.475
-0.440840877703 -0.3923103948 1.79478987363 -0.444992918195 -0.389094898424 1.7952080746 14.5
-0.445677971193 -0.38268202791 1.79597312381 -0.444491068944 -0.388414478056 1.79586302823 14.525
-0.445677971193 -0.38268202791 1.79597312381 -0.444056684549 -0.387777693819 1.79637719601 14.55
-0.445677971193 -0.38268202791 1.79597312381 -0.443685586053 -0.387183062002 1.79676726797 14.575
-0.44613918658 -0.382148099013 1.79768082996 -0.443441779199 -0.386550246315 1.79742795289 14.6
-0.453495063827 -0.375713032772 1.79802607742 -0.444334267475 -0.385012322456 1.79802541398 14.625
-0.453495063827 -0.375713032772 1.79802607742 -0.445187748843 -0.383592478526 1.79849025498 14.65
-0.45797278969 -0.396921732323 1.79388914016 -0.446663418113 -0.385418630093 1.79792030232 14.675
-0.45797278969 -0.396921732323 1.79388914016 -0.448048023918 -0.387108184129 1.79736037399 14.7
-0.45797278969 -0.396921732323 1.79388914016 -0.449343684307 -0.38866640624 1.79681728233 14.725
-0.444090591795 -0.390410154804 1.79783831667 -0.448502137887 -0.389136769223 1.79717341891 14.75
-0.444090591795 -0.390410154804 1.79783831667 -0.447736697962 -0.389561633075 1.79745056804 14.775
-0.433871139853 -0.396794599316 1.79948190482 -0.445533780315 -0.39088622697 1.79802429703 14.8
-0.433871139853 -0.396794599316 1.79948190482 -0.443517005204 -0.392095917977 1.79849531857 14.825
-0.442046969034 -0.376199836727 1.80152557431 -0.442885270521 -0.390153934658 1.79932909061 14.85
-0.428734020202 -0.407516908239 1.79980552663 -0.44036140992 -0.392971259397 1.79964609501 14.875
-0.428734020202 -0.407516908239 1.79980552663 -0.438061087488 -0.395555549231 1.79988822097 14.9
-0.448326103458 -0.384457352683 1.8015984888 -0.438867355747 -0.39451094568 1.80046340391 14.925
-0.448326103458 -0.384457352683 1.8015984888 -0.439649134257 -0.393520228723 1.80093452707 14.95
-0.453510352883 -0.401875044026 1.79689821757 -0.441170834513 -0.395155321899 1.80026983158 14.975
-0.453510352883 -0.401875044026 1.79689821757 -0.442605579038 -0.396641317298 1.79965012536 15.0
-0.441039313956 -0.383247183619 1.80492774987 -0.44211271333 -0.395234075152 1.80085963892 15.025
-0.441039313956 -0.383247183619 1.80492774987 -0.441680011946 -0.393907645988 1.80190090371 15.05
-0.447407289855 -0.37438621007 1.80418628285 -0.442243877671 -0.391351587248 1.80262389935 15.075
-0.447407289855 -0.37438621007 1.80418628285 -0.442786060561 -0.388975454203 1.80322711483 15.1
-0.447407289855 -0.37438621007 1.80418628285 -0.443305671924 -0.386773269474 1.80372255446 15.125
-0.444563474256 -0.382393864982 1.80458779827 -0.443381921745 -0.38592174397 1.80421072291 15.15
-0.444563474256 -0.382393864982 1.80458779827 -0.443467141878 -0.385139362687 1.80460243208 15.175
-0.435093131869 -0.400545948839 1.80326503696 -0.442160711759 -0.387104837262 1.80461489856 15.2
-0.435093131869 -0.400545948839 1.80326503696 -0.440969295527 -0.388924596269 1.80458758109 15.225
-0.44314230796 -0.395858514184 1.80472254574 -0.441075823251 -0.389912235981 1.80485126411 15.25
-0.444677744145 -0.384481102975 1.80495078888 -0.441419265561 -0.389139703737 1.80510044107 15.275
-0.434901373392 -0.399845853042 1.80585885324 -0.440309123007 -0.39069216195 1.80548840671 15.3
-0.434901373392 -0.399845853042 1.80585885324 -0.439301384466 -0.392120734153 1.80579745257 15.325
-0.434901373392 -0.399845853042 1.80585885324 -0.43839050243 -0.393430841865 1.80603687536 15.35
-0.445755890799 -0.390809729284 1.80474908167 -0.43917433593 -0.39329316815 1.80596903112 15.375
-0.445755890799 -0.390809729284 1.80474908167 -0.439918821658 -0.393152198557 1.80587825518 15.4
-0.445755890799 -0.390809729284 1.80474908167 -0.440623913991 -0.393008946166 1.80577011539 15.425
-0.441913140335 -0.400244278423 1.80589853784 -0.440722099845 -0.394257908236 1.80590474483 15.45
-0.455700979957 -0.402112214351 1.80004432052 -0.44286216515 -0.395673270816 1.80470098807 15.475
-0.455700979957 -0.402112214351 1.80004432052 -0.444846680614 -0.396962816105 1.80362194804 15.5
-0.440028618508 -0.405051948264 1.80513918385 -0.444365888783 -0.398566861262 1.80379368863 15.525
-0.440028618508 -0.405051948264 1.80513918385 -0.443921150225 -0.400023234273 1.80394268164 15.55
-0.440028618508 -0.405051948264 1.80513918385 -0.443510447719 -0.401339278266 1.80407204719 15.575
-0.436322884627 -0.402813351896 1.80725389424 -0.442584502684 -0.402191599957 1.80465391825 15.6
-0.436322884627 -0.402813351896 1.80725389424 -0.441731689989 -0.402943905001 1.80516428967 15.625
-0.440442701732 -0.398139914359 1.80865261912 -0.44155704116 -0.402911912108 1.80591939641 15.65
-0.440442701732 -0.398139914359 1.80865261912 -0.441400991467 -0.40284585094 1.80657654889 15.675
-0.426129556094 -0.383641218556 1.81600846182 -0.439148008305 -0.40060775531 1.80877617596 15.7
-0.432165797486 -0.397822128773 1.81306818648 -0.437967980477 -0.400604853188 1.81004202417 15.725
-0.432165797486 -0.397822128773 1.81306818648 -0.436891535013 -0.400575063891 1.81112594607 15.75
-0.432165797486 -0.397822128773 1.81306818648 -0.435913591263 -0.400521406274 1.81204250031 15.775
-0.430598084255 -0.406314775043 1.81271806106 -0.434797580186 -0.401701169711 1.812728209 15.8
-0.433348937147 -0.395371549195 1.81448116516 -0.43419457261 -0.401148097097 1.81367545493 15.825
-0.433348937147 -0.395371549195 1.81448116516 -0.433660854931 -0.400611670808 1.81445821901 15.85
-0.433348937147 -0.395371549195 1.81448116516 -0.433192216312 -0.400093165334 1.81509195737 15.875
-0.438495624046 -0.415883786561 1.80716759388 -0.433544733007 -0.402623485437 1.81396821382 15.9
-0.438495624046 -0.415883786561 1.80716759388 -0.433894679542 -0.404936667219 1.81292183021 15.925
-0.434863140875 -0.408718919557 1.81131223607 -0.433704017458 -0.405984902376 1.81287378712 15.95
-0.434863140875 -0.408718919557 1.81131223607 -0.433549890641 -0.406919656492 1.81279275925 15.975
-0.434863140875 -0.408718919557 1.81131223607 -0.433429303265 -0.407747731783 1.81268567071 16.0
-0.439084003644 -0.424085390885 1.80818069646 -0.433962817986 -0.410745489689 1.81186369017 16.025
-0.43665765604 -0.405304628834 1.81324302704 -0.434117031272 -0.410697989409 1.81223563605 16.05
-0.43665765604 -0.405304628834 1.81324302704 -0.434277715874 -0.410609938028 1.81254096016 16.075
-0.448250955545 -0.406008039158 1.81129080285 -0.436155579804 -0.41058974174 1.81235411158 16.1
-0.436169655269 -0.415272154949 1.81124357415 -0.436118128466 -0.411898053433 1.81215776254 16.125
-0.436169655269 -0.415272154949 1.81124357415 -0.436093524276 -0.413063850247 1.81196692996 16.15
-0.436169655269 -0.415272154949 1.81124357415 -0.436080189963 -0.414095744344 1.81178427085 16.175
-0.430735449686 -0.423428974309 1.81157722692 -0.435273992204 -0.416206949332 1.8116860115 16.2
-0.430735449686 -0.423428974309 1.81157722692 -0.434539061212 -0.41810653255 1.81159080633 16.225
-0.430735449686 -0.423428974309 1.81157722692 -0.43387157551 -0.419806297021 1.81150051933 16.25
-0.438950147595 -0.417995361576 1.81090225882 -0.434481173298 -0.42051523439 1.81126680298 16.275
-0.441507126135 -0.413211519566 1.81115663808 -0.435433575073 -0.4204034658 1.81111525506 16.3
-0.441507126135 -0.413211519566 1.81115663808 -0.436321878314 -0.420241411806 1.81098218318 16.325
-0.432520543042 -0.417097439505 1.81260794111 -0.435820350746 -0.420609035434 1.81118952192 16.35
-0.432520543042 -0.417097439505 1.81260794111 -0.435361995714 -0.420893149116 1.81137555987 16.375
-0.438894378345 -0.403494277619 1.81308221674 -0.435885851049 -0.419091745501 1.81164743517 16.4
-0.438894378345 -0.403494277619 1.81308221674 -0.436374437042 -0.417378341483 1.81188877516 16.425
-0.43290555906 -0.412872904751 1.81278646598 -0.435943916716 -0.417138487629 1.81203628693 16.45
-0.43290555906 -0.412872904751 1.81278646598 -0.435548937995 -0.416878447528 1.81216580807 16.475
-0.439867728324 -0.418907289042 1.81238244083 -0.436215926908 -0.417493637252 1.81218924223 16.5
-0.44690534106 -0.430158300417 1.80661977264 -0.437873670871 -0.419688628157 1.81092949775 16.525
-0.44690534106 -0.430158300417 1.80661977264 -0.43940278649 -0.421677866515 1.80982168266 16.55
-0.438125539785 -0.42705966976 1.807227089 -0.439511298741 -0.423015053178 1.80899115054 16.575
-0.438125539785 -0.42705966976 1.807227089 -0.439602452758 -0.424204806792 1.80827721872 16.6
-0.438125539785 -0.42705966976 1.807227089 -0.439677062769 -0.425256493588 1.80767141373 16.625
-0.425912412013 -0.423550434746 1.81317173722 -0.43793202607 -0.425660861938 1.8084848182 16.65
-0.425912412013 -0.423550434746 1.81317173722 -0.436313377382 -0.425985618 1.80922932478 16.675
-0.437359376854 -0.438211753943 1.80348800884 -0.436507048474 -0.428403184486 1.80775754053 16.7
-0.437359376854 -0.438211753943 1.80348800884 -0.436685070879 -0.430585053961 1.80648217318 16.725
-0.427991483571 -0.423007542731 1.81146986151 -0.43546432099 -0.430298653499 1.80716050381 16.75
-0.427991483571 -0.423007542731 1.81146986151 -0.434337385513 -0.429978406143 1.8077914669 16.775
-0.427327180958 -0.418938199814 1.81118656632 -0.433202325534 -0.429028663226 1.80831210308 16.8
-0.427327180958 -0.418938199814 1.81118656632 -0.432161137444 -0.428102650128 1.80879313143 16.825
-0.433456020122 -0.424069317238 1.80623874261 -0.432114982861 -0.42796114756 1.80813628558 16.85
-0.441249989004 -0.430321873455 1.8035015595 -0.433234863849 -0.428713048458 1.80696589391 16.875
-0.441249989004 -0.430321873455 1.8035015595 -0.434278273022 -0.429367205895 1.80595525909 16.9
-0.430668945174 -0.428610851581 1.80723989792 -0.433684842583 -0.429678215529 1.80592167543 16.925
-0.430668945174 -0.428610851581 1.80723989792 -0.433142333789 -0.429925609796 1.80592241208 16.95
-0.430668945174 -0.428610851581 1.80723989792 -0.432648332239 -0.430115305382 1.80595212792 16.975
-0.433799464211 -0.448682520541 1.7981218362 -0.432662848643 -0.433217629589 1.80398189948 17.0
-0.433799464211 -0.448682520541 1.7981218362 -0.432684936805 -0.436041141876 1.80227675388 17.025
-0.433799464211 -0.448682520541 1.7981218362 -0.432713748029 -0.438600335606 1.80081655754 17.05
-0.428364734807 -0.43650160128 1.80028376478 -0.43194572529 -0.439110218258 1.80006147367 17.075
-0.428364734807 -0.43650160128 1.80028376478 -0.431245666341 -0.439524725492 1.79945410053 17.1
-0.433277388989 -0.440858770138 1.7941106661 -0.431335897805 -0.44049530838 1.79760922256 17.125
-0.433277388989 -0.440858770138 1.7941106661 -0.431430730051 -0.441335576715 1.79604903482 17.15
-0.445568472987 -0.440411601706 1.79227292322 -0.43334472449 -0.441988789754 1.79434108573 17.175
-0.445568472987 -0.440411601706 1.79227292322 -0.435119447408 -0.442535160929 1.79291899428 17.2
-0.435166538235 -0.44084930342 1.79490039704 -0.435223445435 -0.443047805227 1.79233972492 17.225
-0.414902847505 -0.447582537108 1.79639169529 -0.432325361211 -0.444459690224 1.792254879 17.25
-0.414902847505 -0.447582537108 1.79639169529 -0.42965270719 -0.445706448037 1.79227337175 17.275
-0.422454656864 -0.444356856601 1.79410215363 -0.42831158519 -0.44632248574 1.79187073703 17.3
-0.422454656864 -0.444356856601 1.79410215363 -0.427089929514 -0.446832074432 1.79160170358 17.325
-0.422454656864 -0.444356856601 1.79410215363 -0.425982034842 -0.447243879478 1.79144822492 17.35
-0.431952907618 -0.448851388288 1.79022679667 -0.426385194298 -0.448230092345 1.79053320139 17.375
-0.431952907618 -0.448851388288 1.79022679667 -0.42678104417 -0.449082854632 1.78980557651 17.4
-0.431952907618 -0.448851388288 1.79022679667 -0.427168524013 -0.449811909421 1.78924409575 17.425
-0.429811285696 -0.440907030989 1.790381162 -0.427230313733 -0.449253217885 1.78886298849 17.45
-0.429811285696 -0.440907030989 1.790381162 -0.427306591134 -0.448681095132 1.78860502935 17.475
-0.429811285696 -0.440907030989 1.790381162 -0.427395514412 -0.44810047721 1.78845293101 17.5
-0.422280427021 -0.441115490242 1.78917439837 -0.426382972363 -0.447546733534 1.78812279062 17.525
-0.433076412086 -0.448342898483 1.78484284327 -0.427061348493 -0.448058418246 1.78693872863 17.55
-0.433076412086 -0.448342898483 1.78484284327 -0.427706061612 -0.448488408015 1.78596329243 17.575
-0.41794070783 -0.446715164391 1.78745372896 -0.426081525078 -0.448603303576 1.78575404411 17.6
-0.41794070783 -0.446715164391 1.78745372896 -0.424598509323 -0.448669035231 1.78564033494 17.625
-0.423456831811 -0.46018695136 1.78249701967 -0.424064885205 -0.450681048681 1.78450694345 17.65
-0.42559064732 -0.473289679559 1.77760615665 -0.423910492947 -0.454434326233 1.78248828976 17.675
-0.42559064732 -0.473289679559 1.77760615665 -0.423791387233 -0.457853298516 1.78078058845 17.7
-0.42559064732 -0.473289679559 1.77760615665 -0.423704580747 -0.460955087879 1.77935530245 17.725
-0.428606681822 -0.447968863734 1.78018392826 -0.424092681407 -0.460016455901 1.77875729098 17.75
-0.428606681822 -0.447968863734 1.78018392826 -0.424472565864 -0.459086661058 1.77831880424 17.775
-0.428378488725 -0.48240529451 1.76891251372 -0.424809297771 -0.46325637918 1.77551758571 17.8
-0.428378488725 -0.48240529451 1.76891251372 -0.425138106572 -0.467044866457 1.77314023616 17.825
-0.429286274261 -0.459311995125 1.77507560912 -0.425591973 -0.467060848548 1.77251738547 17.85
-0.429286274261 -0.459311995125 1.77507560912 -0.426025328374 -0.467001735495 1.77207889327 17.875
-0.429286274261 -0.459311995125 1.77507560912 -0.426437728292 -0.466875679978 1.77180087825 17.9
-0.423513633373 -0.47043075914 1.76869141448 -0.425976188034 -0.468332772477 1.77024382115 17.925
-0.423513633373 -0.47043075914 1.76869141448 -0.425559882642 -0.469609556922 1.76897594198 17.95
-0.423396508011 -0.453890541261 1.77236766827 -0.425168679676 -0.468275200916 1.76878274033 17.975
-0.423396508011 -0.453890541261 1.77236766827 -0.424818505364 -0.466975894365 1.76872017609 18.0
-0.41292967536 -0.456642698918 1.77300832624 -0.422960663739 -0.466121827944 1.76890950321 18.025
-0.41292967536 -0.456642698918 1.77300832624 -0.421259601045 -0.465277954735 1.76917191063 18.05
-0.41292967536 -0.456642698918 1.77300832624 -0.419707902779 -0.464448457474 1.76949079349 18.075
-0.41292967536 -0.456642698918 1.77300832624 -0.418298253739 -0.463637125661 1.76985115492 18.1
-0.421414422843 -0.473419720808 1.76346828728 -0.418276689498 -0.465325428814 1.76812197945 18.125
-0.421414422843 -0.473419720808 1.76346828728 -0.41828475816 -0.46684435181 1.76666608312 18.15
-0.421414422843 -0.473419720808 1.76346828728 -0.418319463918 -0.468204449659 1.7654564648 18.175
-0.421414422843 -0.473419720808 1.76346828728 -0.418377929146 -0.469415913847 1.7644675889 18.2
-0.422047196043 -0.469410984149 1.75913600844 -0.418550863443 -0.469896463587 1.76271372786 18.225
-0.422047196043 -0.469410984149 1.75913600844 -0.418734858283 -0.47029404179 1.76125060059 18.25
-0.41988234198 -0.467242051031 1.75903549411 -0.418607951145 -0.470295526646 1.76002710368 18.275
-0.414627250209 -0.475593671941 1.75727751503 -0.417736655734 -0.47148684083 1.7586506725 18.3
-0.414627250209 -0.475593671941 1.75727751503 -0.416954982769 -0.472543374118 1.7575327965 18.325
-0.414627250209 -0.475593671941 1.75727751503 -0.416257635256 -0.473474256259 1.75664576363 18.35
-0.414627250209 -0.475593671941 1.75727751503 -0.415639452189 -0.474288282662 1.75596333876 18.375
-0.404249236388 -0.46855679483 1.75974814074 -0.413562515474 -0.473954527861 1.75600919057 18.4
-0.409490548829 -0.463849090516 1.7579311872 -0.412448999074 -0.472906516962 1.75574181096 18.425
-0.409490548829 -0.463849090516 1.7579311872 -0.411454504886 -0.471898527145 1.7555960958 18.45
-0.415762526492 -0.465355279352 1.75493747842 -0.411498434344 -0.471154982027 1.75488852358 18.475
-0.423924905169 -0.469812395662 1.75061224339 -0.412780644958 -0.471095969614 1.75338672955 18.5
-0.423924905169 -0.469812395662 1.75061224339 -0.413997398691 -0.471013646381 1.75214615621 18.525
-0.412167457429 -0.468931617762 1.752019238 -0.413412327184 -0.470781745121 1.75145188768 18.55
-0.412167457429 -0.468931617762 1.752019238 -0.412898459603 -0.470544081929 1.75092796412 18.575
-0.413594940417 -0.474341259156 1.7470012136 -0.412661723327 -0.471102532724 1.74943874484 18.6
-0.405600300628 -0.470108923089 1.74854468977 -0.41128916065 -0.47097294182 1.74855560852 18.625
-0.405600300628 -0.470108923089 1.74854468977 -0.410050154463 -0.47083423726 1.74786679096 18.65
-0.414590013945 -0.467840473334 1.74561205808 -0.410265041191 -0.470353963389 1.74669794733 18.675
-0.414590013945 -0.467840473334 1.74561205808 -0.410494725973 -0.469895777415 1.74575716137 18.7
-0.414590013945 -0.467840473334 1.74561205808 -0.410736296879 -0.469460745911 1.74501891043 18.725
-0.414590013945 -0.467840473334 1.74561205808 -0.410987020853 -0.46904971516 1.74445916624 18.75
-0.407762268013 -0.46537987628 1.74562430559 -0.410235845243 -0.468299877538 1.74405811808 18.775
-0.407762268013 -0.46537987628 1.74562430559 -0.409567835589 -0.46760356709 1.74379168948 18.8
-0.398651766365 -0.477193293029 1.74260859791 -0.407631904265 -0.468704793451 1.74297097718 18.825
-0.417378987527 -0.461020636383 1.74042840789 -0.408639950427 -0.46733218688 1.74184469287 18.85
-0.417378987527 -0.461020636383 1.74042840789 -0.409599986778 -0.466065860348 1.74093373123 18.875
-0.420315490343 -0.466860404386 1.73506196792 -0.410945409107 -0.465764948593 1.73902277661 18.9
-0.420315490343 -0.466860404386 1.73506196792 -0.412208364259 -0.465495797366 1.73742496222 18.925
-0.411042297883 -0.472046992962 1.73423011818 -0.412020544139 -0.466023560646 1.73592507312 18.95
-0.411042297883 -0.472046992962 1.73423011818 -0.411860440982 -0.466521140239 1.73470106588 18.975
-0.412127680721 -0.466374769126 1.73383202392 -0.411885744042 -0.466152023204 1.73363550157 19.0
-0.4027944555 -0.461626969474 1.73789936948 -0.410542546552 -0.46511956127 1.73370273338 19.025
-0.4027944555 -0.461626969474 1.73789936948 -0.409315530056 -0.464178412398 1.73386359741 19.05
-0.413909652055 -0.476291855301 1.73011325504 -0.409840429756 -0.465490860561 1.73237172783 19.075
-0.413909652055 -0.476291855301 1.73011325504 -0.410341053546 -0.466717408116 1.73114871046 19.1
-0.413909652055 -0.476291855301 1.73011325504 -0.410816880325 -0.467861072896 1.73016602088 19.125
-0.406673992342 -0.490292387241 1.72562517622 -0.410198777811 -0.470992809632 1.72840048468 19.15
-0.403595418461 -0.477786215241 1.7279843049 -0.409184182313 -0.472038521095 1.72746753893 19.175
-0.403595418461 -0.477786215241 1.7279843049 -0.408259886284 -0.472999588941 1.72674833363 19.2
-0.403595418461 -0.477786215241 1.7279843049 -0.407421040809 -0.47387965909 1.72621696067 19.225
-0.406654653602 -0.480579091241 1.72471050817 -0.407114787951 -0.475094885456 1.72512244306 19.25
-0.407028678806 -0.485522296344 1.72140901422 -0.40690453259 -0.476934203958 1.72352418877 19.275
-0.407028678806 -0.485522296344 1.72140901422 -0.406727663256 -0.478615223144 1.72221725818 19.3
-0.407028678806 -0.485522296344 1.72140901422 -0.406581435343 -0.480145143493 1.72117079626 19.325
-0.407028678806 -0.485522296344 1.72140901422 -0.406463224266 -0.481531128107 1.72035560212 19.35
-0.404909492857 -0.473527407129 1.72412011185 -0.406057508305 -0.481008575588 1.72034592757 19.375
-0.404909492857 -0.473527407129 1.72412011185 -0.405699418879 -0.480494942577 1.72044108834 19.4
-0.403408025958 -0.471224030654 1.72423670288 -0.405163913475 -0.47965134489 1.72064754319 19.425
-0.403408025958 -0.471224030654 1.72423670288 -0.40468697792 -0.47884589525 1.72091854391 19.45
-0.398143121054 -0.481366410126 1.72130280987 -0.403487214435 -0.479576771231 1.72058700905 19.475
-0.402058973119 -0.477870511179 1.71934449693 -0.402977924995 -0.47971224759 1.71993435241 19.5
-0.402058973119 -0.477870511179 1.71934449693 -0.402529456325 -0.479813781545 1.71943032681 19.525
-0.402058973119 -0.477870511179 1.71934449693 -0.402137788208 -0.479884297189 1.71905537345 19.55
-0.38560716041 -0.46788254103 1.72607875654 -0.399368989876 -0.478451328548 1.72028625334 19.575
-0.38560716041 -0.46788254103 1.72607875654 -0.396839528562 -0.477108343961 1.72143011999 19.6
-0.38560716041 -0.46788254103 1.72607875654 -0.394538005685 -0.475853232901 1.72248356693 19.625
-0.395913932749 -0.473761297422 1.71955440653 -0.39397552782 -0.475552099772 1.72199633469 19.65
-0.387278760274 -0.468264260312 1.72231059974 -0.39222396728 -0.474454368753 1.7222034638 19.675
-0.387278760274 -0.468264260312 1.72231059974 -0.390652510355 -0.473435868339 1.72240791387 19.7
-0.387595258791 -0.466149886562 1.72171259538 -0.389297882574 -0.472181929003 1.72247186143 19.725
-0.387595258791 -0.466149886562 1.72171259538 -0.388099827034 -0.471026842452 1.72254007089 19.75
-0.387595258791 -0.466149886562 1.72171259538 -0.387048830837 -0.4699670646 1.72260831556 19.775
-0.385808904806 -0.47621539287 1.71888286479 -0.385871725814 -0.470485708323 1.72204507204 19.8
-0.385808904806 -0.47621539287 1.71888286479 -0.384843920771 -0.47097597178 1.72155203677 19.825
-0.390270581833 -0.468087915867 1.72013684758 -0.38461471759 -0.470238369565 1.72140060509 19.85
-0.3912733336 -0.469793227638 1.71828187171 -0.384612152599 -0.469820175048 1.720860526 19.875
-0.3912733336 -0.469793227638 1.71828187171 -0.384669398771 -0.469446863434 1.72038988709 19.9
-0.385106237682 -0.473462742863 1.71690530573 -0.383869153665 -0.469658294094 1.71967672633 19.925
-0.385106237682 -0.473462742863 1.71690530573 -0.383187524512 -0.469867860934 1.71905772358 19.95
-0.385106237682 -0.473462742863 1.71690530573 -0.382615775705 -0.470075109926 1.71852490709 19.975
