-0.265499756763 -0.112032357782 0.343088832523 -0.265499756763 -0.112032357782 0.343088832523 0.0
-0.265499756763 -0.112032357782 0.343088832523 -0.265499756763 -0.112032357782 0.343088832523 0.025
-0.265499756763 -0.112032357782 0.343088832523 -0.265499756763 -0.112032357782 0.343088832523 0.05
-0.284780732079 -0.100320088497 0.383465144574 -0.271124112043 -0.108615831256 0.371448091336 0.075
-0.284780732079 -0.100320088497 0.383465144574 -0.275205568026 -0.106136542177 0.383783607024 0.1
-0.274662290301 -0.117025203347 0.403300737587 -0.275810748366 -0.108545189727 0.400517233921 0.125
-0.274662290301 -0.117025203347 0.403300737587 -0.276214354378 -0.110646381576 0.408741345865 0.15
-0.276256760171 -0.117600150269 0.412826403598 -0.276869376891 -0.112605780736 0.416720554457 0.175
-0.276256760171 -0.117600150269 0.412826403598 -0.27733090482 -0.114243728051 0.419495809205 0.2
-0.278477139727 -0.119150754179 0.425181334043 -0.278211364748 -0.115973567241 0.425910419687 0.225
-0.278477139727 -0.119150754179 0.425181334043 -0.278877938975 -0.117360279242 0.428451085092 0.25
-0.282012222886 -0.122503596175 0.455667990153 -0.280241137599 -0.119277629757 0.444391011416 0.275
-0.282012222886 -0.122503596175 0.455667990153 -0.28131743185 -0.12080927341 0.453656564444 0.3
-0.282012222886 -0.122503596175 0.455667990153 -0.282159405679 -0.122022985086 0.458578055988 0.325
-0.282012222886 -0.122503596175 0.455667990153 -0.282812489416 -0.122978534408 0.460756750015 0.35
-0.286239423581 -0.127716635419 0.485332659167 -0.284227525965 -0.124852280177 0.474148550317 0.375
-0.289109516432 -0.131077330915 0.504175271956 -0.285977102189 -0.127083103965 0.490482966071 0.4
-0.289109516432 -0.131077330915 0.504175271956 -0.287415637328 -0.128920896021 0.501179898326 0.425
-0.291143230904 -0.133413879466 0.517741083022 -0.288997968712 -0.130894093913 0.513144781918 0.45
-0.291143230904 -0.133413879466 0.517741083022 -0.290307424643 -0.132528652854 0.520966218115 0.475
-0.291143230904 -0.133413879466 0.517741083022 -0.291385691165 -0.133876140797 0.525829908989 0.5
-0.293598548763 -0.136292685352 0.537576626833 -0.292721886428 -0.135512129879 0.535381985876 0.525
-0.293598548763 -0.136292685352 0.537576626833 -0.29383159678 -0.13687028086 0.541825206603 0.55
-0.293598548763 -0.136292685352 0.537576626833 -0.294743181056 -0.137985118717 0.545964002373 0.575
-0.297149354499 -0.138754077459 0.563160146105 -0.296115904244 -0.139325727089 0.556322830399 0.6
-0.297149354499 -0.138754077459 0.563160146105 -0.297265760164 -0.140428022383 0.563742675328 0.625
-0.300011947527 -0.141054953551 0.587479023354 -0.298723108856 -0.141724414024 0.575996106091 0.65
-0.302386042752 -0.14284527191 0.60422750097 -0.300369966114 -0.14310475981 0.589859328636 0.675
-0.302386042752 -0.14284527191 0.60422750097 -0.301767205032 -0.14424416291 0.600336509522 0.7
-0.302386042752 -0.14284527191 0.60422750097 -0.302936544229 -0.145164945886 0.608110274856 0.725
-0.304481970268 -0.14446764502 0.61919661032 -0.304268545449 -0.146174773183 0.617663215972 0.75
-0.304481970268 -0.14446764502 0.61919661032 -0.305376790813 -0.14697973712 0.624794848522 0.775
-0.310185830487 -0.151036927846 0.661725937456 -0.307291466334 -0.148763908091 0.640708967579 0.8
-0.310185830487 -0.151036927846 0.661725937456 -0.308926082391 -0.15027349831 0.653270698862 0.825
-0.310185830487 -0.151036927846 0.661725937456 -0.310303137367 -0.151531847798 0.663038320423 0.85
-0.312708496126 -0.154917162406 0.682370908903 -0.311892025534 -0.153249590434 0.675432819192 0.875
-0.312708496126 -0.154917162406 0.682370908903 -0.313224604308 -0.15469523646 0.68512603003 0.9
-0.312708496126 -0.154917162406 0.682370908903 -0.3143244036 -0.155893627101 0.692529250465 0.925
-0.315390135281 -0.158128769607 0.708509125724 -0.315686897716 -0.157434873841 0.704053476888 0.95
-0.315390135281 -0.158128769607 0.708509125724 -0.31681519494 -0.158720712522 0.713085980909 0.975
-0.317921539116 -0.161413752261 0.727826755846 -0.318175569664 -0.160350828389 0.724383998155 1.0
-0.319406279416 -0.163940514312 0.742183181032 -0.319562233958 -0.162157449442 0.736507566932 1.025
-0.320742532419 -0.165575515735 0.75559969151 -0.320946258611 -0.163966308295 0.749123391992 1.05
-0.321628996401 -0.165502931588 0.769584898519 -0.322250049847 -0.165481566364 0.762280673852 1.075
-0.321628996401 -0.165502931588 0.769584898519 -0.323330252975 -0.166745176943 0.772757361691 1.1
-0.323348783033 -0.167578792929 0.786051035276 -0.324502503894 -0.168135789875 0.784560104095 1.125
-0.323348783033 -0.167578792929 0.786051035276 -0.3254678707 -0.169290459527 0.793840436765 1.15
-0.327949232084 -0.171737741402 0.814630973253 -0.327018304472 -0.170930012956 0.807276205293 1.175
-0.327949232084 -0.171737741402 0.814630973253 -0.32832865622 -0.172313015529 0.817988034447 1.2
-0.333052105747 -0.179187327852 0.846998942378 -0.330264435264 -0.174693570136 0.833500155145 1.225
-0.333052105747 -0.179187327852 0.846998942378 -0.33192494911 -0.176748085184 0.846013043377 1.25
-0.332858331215 -0.179246879088 0.857118334606 -0.333305509283 -0.178517368804 0.858111744802 1.275
-0.334101639884 -0.180361008255 0.869322147796 -0.334665672422 -0.180199103739 0.870297265791 1.3
-0.334101639884 -0.180361008255 0.869322147796 -0.335808180623 -0.181622883754 0.879831625489 1.325
-0.337422838179 -0.185739253053 0.894722207442 -0.337282940393 -0.183669297446 0.892683874147 1.35
-0.337422838179 -0.185739253053 0.894722207442 -0.338532403126 -0.18542644241 0.902803452682 1.375
-0.33864664327 -0.186114393698 0.912287256051 -0.339770444523 -0.186980223816 0.914421314489 1.4
-0.33864664327 -0.186114393698 0.912287256051 -0.340807254618 -0.188291087763 0.923450766719 1.425
-0.3424323569 -0.190306330091 0.931289544491 -0.342249725702 -0.19003254756 0.934434299896 1.45
-0.3424323569 -0.190306330091 0.931289544491 -0.343475572489 -0.191516929893 0.942919106661 1.475
-0.342251112936 -0.193033165649 0.947832133631 -0.344476868397 -0.193186415115 0.952893078792 1.5
-0.342251112936 -0.193033165649 0.947832133631 -0.345302182013 -0.194606853019 0.96051315197 1.525
-0.344854008122 -0.195681873023 0.96462935723 -0.346364498688 -0.196203693681 0.969811588836 1.55
-0.344854008122 -0.195681873023 0.96462935723 -0.347248770894 -0.1975593852 0.976873070512 1.575
-0.34649991487 -0.200762557434 0.981836299372 -0.34822010925 -0.199462947242 0.985808918037 1.6
-0.34649991487 -0.200762557434 0.981836299372 -0.349023838361 -0.201101086077 0.992593737849 1.625
-0.346792707327 -0.200623724716 0.991181253932 -0.349719229107 -0.202474922699 0.999580946049 1.65
-0.350877671671 -0.199473873667 1.00859828142 -0.350885117701 -0.203455163315 1.00856772492 1.675
-0.350877671671 -0.199473873667 1.00859828142 -0.351872187138 -0.20424736542 1.01546777067 1.7
-0.353569106923 -0.204711941869 1.02306569196 -0.353097527461 -0.205650455934 1.0237602214 1.725
-0.353569106923 -0.204711941869 1.02306569196 -0.354141013192 -0.206834838371 1.03008793511 1.75
-0.353480808037 -0.20608497135 1.03650772279 -0.355004644169 -0.208023147677 1.0376894932 1.775
-0.353480808037 -0.20608497135 1.03650772279 -0.355716854603 -0.209011818723 1.04345260878 1.8
-0.359717168936 -0.211550307619 1.06719053211 -0.357217141376 -0.21062955076 1.0544303534 1.825
-0.359717168936 -0.211550307619 1.06719053211 -0.358518039995 -0.212016046393 1.06320604066 1.85
-0.359717168936 -0.211550307619 1.06719053211 -0.35963490748 -0.213189595623 1.07003913468 1.875
-0.358527747313 -0.213410474515 1.08171349704 -0.360406015043 -0.214443265383 1.07839588838 1.9
-0.361957106965 -0.21388041674 1.10889694107 -0.361543520066 -0.215565657 1.09092052779 1.925
-0.361957106965 -0.21388041674 1.10889694107 -0.362511755534 -0.216498291827 1.10107969806 1.95
-0.359404099404 -0.216440916239 1.12075917792 -0.362946309642 -0.217636418278 1.11177167361 1.975
-0.359404099404 -0.216440916239 1.12075917792 -0.363267990869 -0.218586349152 1.12029209371 2.0
-0.359404099404 -0.216440916239 1.12075917792 -0.363487927053 -0.219363925745 1.12689419048 2.025
-0.362398650675 -0.217986338834 1.14058340778 -0.364059968822 -0.220213029445 1.13621595342 2.05
-0.362398650675 -0.217986338834 1.14058340778 -0.364516003055 -0.220901311251 1.1435435486 2.075
-0.363570813423 -0.21982233748 1.15746995724 -0.365040412107 -0.221714977531 1.15286564481 2.1
-0.366230393971 -0.222705335612 1.16581075551 -0.365850071447 -0.222801418611 1.16205432219 2.125
-0.365077106171 -0.223197888171 1.18655968902 -0.366360015946 -0.223787225412 1.17387735899 2.15
-0.365077106171 -0.223197888171 1.18655968902 -0.366765404724 -0.224608377182 1.18340661502 2.175
-0.366714343407 -0.223255256581 1.19857746678 -0.367318560897 -0.22528753762 1.19356774785 2.2
-0.366714343407 -0.223255256581 1.19857746678 -0.367767565638 -0.225829056441 1.20161148853 2.225
-0.369718792869 -0.225685760987 1.21243644761 -0.368566842845 -0.226605571262 1.21086227916 2.25
-0.369718792869 -0.225685760987 1.21243644761 -0.3692459736 -0.227241309398 1.21810265303 2.275
-0.364194437772 -0.227749544534 1.23873445924 -0.368997445068 -0.228054458204 1.22941154982 2.3
-0.364194437772 -0.227749544534 1.23873445924 -0.36871273961 -0.228727678149 1.2384683884 2.325
-0.368468885561 -0.230668372555 1.26449726759 -0.36903096145 -0.229705371938 1.25124826006 2.35
-0.368468885561 -0.230668372555 1.26449726759 -0.369275920524 -0.230533493963 1.26157893898 2.375
-0.369820874717 -0.232270763006 1.28262535786 -0.369655290515 -0.231461750645 1.27375478776 2.4
-0.369820874717 -0.232270763006 1.28262535786 -0.36996048712 -0.232246429702 1.28351811126 2.425
-0.369820874717 -0.232270763006 1.28262535786 -0.370198888405 -0.232899708318 1.29113978314 2.45
-0.370354472425 -0.233248799453 1.30942638924 -0.370456372537 -0.233577849664 1.30282406589 2.475
-0.370354472425 -0.233248799453 1.30942638924 -0.370654337599 -0.234135829886 1.31213895141 2.5
-0.370684011447 -0.227681401122 1.34062466094 -0.37084789413 -0.233761187543 1.32627977079 2.525
-0.370694120198 -0.231665398036 1.34878877984 -0.370991951819 -0.233941425051 1.33954704597 2.55
-0.370694120198 -0.231665398036 1.34878877984 -0.371090648228 -0.23404828011 1.35020107673 2.575
-0.373126198792 -0.236178832309 1.37517878651 -0.371508937978 -0.234757544196 1.36439017373 2.6
-0.373126198792 -0.236178832309 1.37517878651 -0.37186404588 -0.235357520804 1.3758194458 2.625
-0.369558012741 -0.236157198958 1.39203622618 -0.371634359336 -0.235854626 1.38853423635 2.65
-0.369558012741 -0.236157198958 1.39203622618 -0.37139419592 -0.236261415829 1.39862508563 2.675
-0.369558012741 -0.236157198958 1.39203622618 -0.371147012932 -0.236586492965 1.40639101616 2.7
-0.371365839857 -0.239449962254 1.40863834791 -0.371163121232 -0.23732459496 1.41579896909 2.725
-0.371365839857 -0.239449962254 1.40863834791 -0.371157246544 -0.237958600371 1.42298066953 2.75
-0.371365839857 -0.239449962254 1.40863834791 -0.371132803263 -0.238497272575 1.42821174309 2.775
-0.373206045441 -0.243410535608 1.43810986604 -0.371364830021 -0.239534127679 1.43829188628 2.8
-0.373206045441 -0.243410535608 1.43810986604 -0.371562984483 -0.240445979176 1.44612518695 2.825
-0.370630864364 -0.243221264269 1.44933059574 -0.371350290691 -0.241214196991 1.45447598198 2.85
-0.370630864364 -0.243221264269 1.44933059574 -0.371140268701 -0.241877849393 1.46080710238 2.875
-0.373318581177 -0.24244002395 1.45818702827 -0.371331775313 -0.242329935188 1.46734210322 2.9
-0.373318581177 -0.24244002395 1.45818702827 -0.37149821687 -0.242702922886 1.47211646166 2.925
-0.377217987484 -0.251215547209 1.48541184642 -0.372218275186 -0.244300436916 1.48141114612 2.95
-0.377217987484 -0.251215547209 1.48541184642 -0.372873234787 -0.245731450516 1.48866983391 2.975
-0.376419662873 -0.246174412499 1.54650238676 -0.373349261634 -0.246261923781 1.5077034494 3.0
-0.376419662873 -0.246174412499 1.54650238676 -0.373777433674 -0.246705116145 1.52353901786 3.025
-0.37794503767 -0.24836484257 1.57577116551 -0.374386441812 -0.247392113456 1.54299650176 3.05
-0.37794503767 -0.24836484257 1.57577116551 -0.374936520824 -0.247981176327 1.55909668111 3.075
-0.376996305019 -0.239863555812 1.60366238098 -0.375291291074 -0.247224362614 1.57837099464 3.1
-0.376996305019 -0.239863555812 1.60366238098 -0.375605478897 -0.246483246503 1.59420016419 3.125
-0.376996305019 -0.239863555812 1.60366238098 -0.375882101912 -0.245760957612 1.60693884104 3.15
-0.376996305019 -0.239863555812 1.60366238098 -0.376124035761 -0.245060286564 1.61692402909 3.175
-0.378597883051 -0.250754077916 1.66118332483 -0.37657059576 -0.245992388653 1.63724264263 3.2
-0.378597883051 -0.250754077916 1.66118332483 -0.376969288843 -0.24682477502 1.65387731271 3.225
-0.378597883051 -0.250754077916 1.66118332483 -0.377323343026 -0.247564401895 1.66721023089 3.25
-0.374147491652 -0.258531083336 1.71189286476 -0.376978468348 -0.249366703679 1.68886047819 3.275
-0.377276102747 -0.248392094436 1.76056783285 -0.37710863451 -0.249501646981 1.71735348502 3.3
-0.377276102747 -0.248392094436 1.76056783285 -0.377216277683 -0.24959388714 1.74098518516 3.325
-0.377276102747 -0.248392094436 1.76056783285 -0.377303508357 -0.249648099297 1.76023195555 3.35
-0.375004675998 -0.257557007252 1.77651715787 -0.377036796478 -0.25102247704 1.77908931339 3.375
-0.375004675998 -0.257557007252 1.77651715787 -0.376779810668 -0.252261377294 1.79402057669 3.4
-0.375004675998 -0.257557007252 1.77651715787 -0.376533249468 -0.253372981718 1.80546433913 3.425
-0.378097384271 -0.269705041556 1.80742235899 -0.376754541328 -0.256159651153 1.8206958952 3.45
-0.378097384271 -0.269705041556 1.80742235899 -0.376951573883 -0.258694138445 1.83241367672 3.475
-0.380459198792 -0.271546099486 1.84049971112 -0.377475064721 -0.261261526456 1.84838047442 3.5
-0.380459198792 -0.271546099486 1.84049971112 -0.377950580212 -0.263581452943 1.86075831355 3.525
-0.380459198792 -0.271546099486 1.84049971112 -0.378380890754 -0.265667400191 1.86997496012 3.55
-0.376377778961 -0.265889022507 1.88413520091 -0.37816580024 -0.266696960081 1.88611811462 3.575
-0.376377778961 -0.265889022507 1.88413520091 -0.377957974621 -0.267584104433 1.89870194057 3.6
-0.376377778961 -0.265889022507 1.88413520091 -0.377757999215 -0.268338814511 1.90815199885 3.625
-0.376377778961 -0.265889022507 1.88413520091 -0.3775663763 -0.268970772862 1.91486736275 3.65
-0.383434517705 -0.270027474003 1.93555053018 -0.378425884991 -0.270100647752 1.93063316637 3.675
-0.383434517705 -0.270027474003 1.93555053018 -0.379212915066 -0.271078347499 1.94299708321 3.7
-0.383434517705 -0.270027474003 1.93555053018 -0.379931061988 -0.271914551456 1.95236806572 3.725
-0.383434517705 -0.270027474003 1.93555053018 -0.380583848231 -0.272619603439 1.95912860801 3.75
-0.383434517705 -0.270027474003 1.93555053018 -0.381174724107 -0.27320350347 1.96363486222 3.775
-0.378737868232 -0.271806542485 1.9823905894 -0.381013330573 -0.273938684326 1.97661390122 3.8
-0.387547647587 -0.287656622467 1.99398700162 -0.382152295229 -0.276892274116 1.98928454896 3.825
-0.387547647587 -0.287656622467 1.99398700162 -0.383189492317 -0.279549576886 1.99912045402 3.85
-0.387547647587 -0.287656622467 1.99398700162 -0.38413001565 -0.281927454308 2.00647683718 3.875
-0.369750864331 -0.280147938342 2.042140461 -0.382350158345 -0.282933296748 2.02237268268 3.9
-0.369750864331 -0.280147938342 2.042140461 -0.38068934845 -0.283779102445 2.03512760698 3.925
-0.369750864331 -0.280147938342 2.042140461 -0.379144049533 -0.284477020687 2.0451073066 3.95
-0.378022396489 -0.281408454548 2.08691802336 -0.378932404413 -0.28522497436 2.06259296398 3.975
-0.378022396489 -0.281408454548 2.08691802336 -0.378733308366 -0.285833513704 2.07675707919 4.0
-0.403494297278 -0.294220121396 2.1247272166 -0.382309248545 -0.288206481608 2.09636545708 4.025
-0.403494297278 -0.294220121396 2.1247272166 -0.385603385016 -0.290314410176 2.11235705114 4.05
-0.37070904386 -0.301356148078 2.18378599509 -0.383785087002 -0.293227955244 2.13823457374 4.075
-0.369684573759 -0.307063839515 2.20946962427 -0.381936585527 -0.296669795099 2.1653689459 4.1
-0.369684573759 -0.307063839515 2.20946962427 -0.380217417472 -0.299749927815 2.18781797966 4.125
-0.369684573759 -0.307063839515 2.20946962427 -0.378623393363 -0.302489614575 2.2060544694 4.15
-0.369684573759 -0.307063839515 2.20946962427 -0.377150246722 -0.304909621403 2.22052799067 4.175
-0.372914420373 -0.290842764912 2.24100421398 -0.376270706656 -0.304634247139 2.2386642286 4.2
-0.372914420373 -0.290842764912 2.24100421398 -0.375465954822 -0.304266716492 2.25301557837 4.225
-0.402143532528 -0.263704900489 2.25890558626 -0.379050370949 -0.299810132622 2.26798805768 4.25
-0.402143532528 -0.263704900489 2.25890558626 -0.382365697785 -0.29559766511 2.27953332274 4.275
-0.402143532528 -0.263704900489 2.25890558626 -0.385422668676 -0.291626934061 2.28806502982 4.3
-0.380381153293 -0.275622845095 2.27872288473 -0.385017538115 -0.289655342352 2.29837019527 4.325
-0.380381153293 -0.275622845095 2.27872288473 -0.384627010789 -0.287781224359 2.30587840199 4.35
-0.377322992841 -0.290140822774 2.32851612827 -0.383799735026 -0.288150519007 2.32201341988 4.375
-0.386468157571 -0.276341412553 2.36375574663 -0.384373885053 -0.286413724108 2.34254824662 4.4
-0.386468157571 -0.276341412553 2.36375574663 -0.384891745095 -0.284775972657 2.35911735839 4.425
-0.386468157571 -0.276341412553 2.36375574663 -0.385356384885 -0.283237596787 2.37216260706 4.45
-0.386468157571 -0.276341412553 2.36375574663 -0.385770817151 -0.281798455381 2.3820999855 4.475
-0.378259180061 -0.291947127024 2.40029782983 -0.384925477331 -0.282763020887 2.39743081765 4.5
-0.378259180061 -0.291947127024 2.40029782983 -0.384130682652 -0.283644791579 2.40942327483 4.525
-0.378259180061 -0.291947127024 2.40029782983 -0.383385390268 -0.284449713401 2.41847929497 4.55
-0.378259180061 -0.291947127024 2.40029782983 -0.382688490157 -0.28518336333 2.42497494127 4.575
-0.387431290649 -0.30256871391 2.43248809253 -0.383393583223 -0.287419847848 2.43640574422 4.6
-0.387431290649 -0.30256871391 2.43248809253 -0.384038603155 -0.289472396588 2.44508357369 4.625
-0.378856658057 -0.287211912067 2.4835581691 -0.383360037224 -0.289082321552 2.4626997186 4.65
-0.378856658057 -0.287211912067 2.4835581691 -0.382726500884 -0.288704787728 2.47687200065 4.675
-0.375572715015 -0.281018256947 2.51052176933 -0.381651785739 -0.287426762895 2.49397970332 4.7
-0.375327686963 -0.288975635647 2.5347020611 -0.380621517028 -0.287411598892 2.51304787541 4.725
-0.375327686963 -0.288975635647 2.5347020611 -0.379671906558 -0.28739032162 2.52844956637 4.75
-0.375327686963 -0.288975635647 2.5347020611 -0.378799973023 -0.287364826913 2.5405944807 4.775
-0.375327686963 -0.288975635647 2.5347020611 -0.378002688181 -0.287336791349 2.54986797175 4.8
-0.412369181692 -0.299975433081 2.57668363745 -0.382748240805 -0.288932424358 2.56594971435 4.825
-0.412369181692 -0.299975433081 2.57668363745 -0.387134011364 -0.290401092265 2.57872649586 4.85
-0.404740622203 -0.296724013601 2.606196556 -0.390047538844 -0.291268824404 2.59513502802 4.875
-0.404740622203 -0.296724013601 2.606196556 -0.392718106134 -0.292059583228 2.6081906124 4.9
-0.404740622203 -0.296724013601 2.606196556 -0.395156387859 -0.292777793206 2.61828220487 4.925
-0.393195271554 -0.299317454708 2.64109685596 -0.395667699927 -0.293810792813 2.63352152128 4.95
-0.393195271554 -0.299317454708 2.64109685596 -0.39610142694 -0.294749654127 2.64556213559 4.975
-0.36654517767 -0.285667388768 2.69553616356 -0.39252626355 -0.293583381165 2.6668656963 5.0
-0.36654517767 -0.285667388768 2.69553616356 -0.389191704729 -0.292491050712 2.68423514343 5.025
-0.393641135709 -0.300882580208 2.75371306255 -0.390092333359 -0.293718531746 2.71100888207 5.05
-0.393641135709 -0.300882580208 2.75371306255 -0.390904881224 -0.294840893488 2.73310662076 5.075
-0.385616966878 -0.30932227751 2.7699915811 -0.390449034628 -0.297110127272 2.7546200666 5.1
-0.385616966878 -0.30932227751 2.7699915811 -0.390007582996 -0.299187332565 2.77195130094 5.125
-0.390519106308 -0.293130031122 2.79571170687 -0.390305511239 -0.298689938994 2.79126728463 5.15
-0.390519106308 -0.293130031122 2.79571170687 -0.390562865556 -0.298205845971 2.80659869612 5.175
-0.368253206565 -0.308608465053 2.8263335228 -0.387493834577 -0.30002255302 2.82519498194 5.2
-0.368253206565 -0.308608465053 2.8263335228 -0.384647542155 -0.301675956374 2.83986036536 5.225
-0.368253206565 -0.308608465053 2.8263335228 -0.382016272577 -0.303174326964 2.85104860461 5.25
-0.386073895665 -0.310748160385 2.86701905618 -0.382224427092 -0.304841846535 2.86821789793 5.275
-0.386073895665 -0.310748160385 2.86701905618 -0.382425825111 -0.306345726497 2.88164129249 5.3
-0.378659700752 -0.286330206483 2.92196217081 -0.381525733328 -0.304088144582 2.903958758 5.325
-0.378659700752 -0.286330206483 2.92196217081 -0.380705306 -0.30196679487 2.92191094149 5.35
-0.378659700752 -0.286330206483 2.92196217081 -0.379961297965 -0.299978714637 2.93598311883 5.375
-0.389138351984 -0.306459268512 2.94761428723 -0.380838170569 -0.301093958843 2.95232687265 5.4
-0.399655749937 -0.270554240276 2.9706362224 -0.383217155674 -0.296799932007 2.97009678609 5.425
-0.399655749937 -0.270554240276 2.9706362224 -0.385424736725 -0.292821166459 2.9840085898 5.45
-0.399655749937 -0.270554240276 2.9706362224 -0.387467412372 -0.289146606894 2.99452046097 5.475
-0.39896852769 -0.282532470213 2.9903546107 -0.389250158723 -0.287534302015 3.0064390594 5.5
-0.39896852769 -0.282532470213 2.9903546107 -0.390888897411 -0.286065159644 3.01525739341 5.525
-0.39896852769 -0.282532470213 2.9903546107 -0.392389759193 -0.284733355188 3.02138257867 5.55
-0.354420447065 -0.321427907297 3.01157370051 -0.387178835228 -0.289278055367 3.02990325919 5.575
-0.354420447065 -0.321427907297 3.01157370051 -0.382357283033 -0.293498470533 3.03588794984 5.6
-0.383190860115 -0.31515449697 3.02664283078 -0.382159737624 -0.296480242024 3.04304079445 5.625
-0.383190860115 -0.31515449697 3.02664283078 -0.381989043882 -0.299234738398 3.04794234552 5.65
-0.343958398867 -0.326939350486 3.04893935438 -0.376048903453 -0.303511877324 3.05587226065 5.675
-0.343958398867 -0.326939350486 3.04893935438 -0.370586338362 -0.307443899662 3.06158424164 5.7
-0.37993676402 -0.329706116654 3.06839963681 -0.370895641345 -0.311454173361 3.06971422957 5.725
-0.371766350358 -0.276555288982 3.08600798576 -0.370019882937 -0.307265995145 3.07961746271 5.75
-0.33978384278 -0.333553556668 3.09666153534 -0.364533398203 -0.311779457101 3.0895753558 5.775
-0.33978384278 -0.333553556668 3.09666153534 -0.359523231884 -0.315907353685 3.09724210876 5.8
-0.412554848954 -0.329262925503 3.10153826089 -0.365716372821 -0.31903347126 3.10400115652 5.825
-0.391323951019 -0.33700793297 3.11066748197 -0.368365190271 -0.323002584806 3.11094288993 5.85
-0.391323951019 -0.33700793297 3.11066748197 -0.370863862026 -0.326596447939 3.11605881423 5.875
-0.391323951019 -0.33700793297 3.11066748197 -0.373215315889 -0.329833841514 3.11960694155 5.9
-0.35791512584 -0.346496234375 3.129579408 -0.370487955943 -0.334134848022 3.12602195466 5.925
-0.35791512584 -0.346496234375 3.129579408 -0.368005988075 -0.338006683168 3.13081258106 5.95
-0.35791512584 -0.346496234375 3.129579408 -0.365757108017 -0.341471972993 3.1342081383 5.975
-0.364149153309 -0.316977677385 3.13910476278 -0.364649997078 -0.340192999936 3.13853305901 6.0
-0.364149153309 -0.316977677385 3.13910476278 -0.363679845101 -0.338893156802 3.14160784822 6.025
-0.363881229384 -0.297888614156 3.15595288821 -0.362798286076 -0.334760659715 3.14736255112 6.05
-0.363881229384 -0.297888614156 3.15595288821 -0.362039413089 -0.330843185445 3.15177645175 6.075
-0.363881229384 -0.297888614156 3.15595288821 -0.361394746195 -0.327138740757 3.15503550313 6.1
-0.360741048426 -0.409907958016 3.15070973018 -0.360392217579 -0.340190843414 3.15614599833 6.125
-0.293695071171 -0.365784734807 3.17937570186 -0.349620862706 -0.345638316891 3.16293096289 6.15
-0.293695071171 -0.365784734807 3.17937570186 -0.339749718243 -0.350558050782 3.16838616969 6.175
-0.293695071171 -0.365784734807 3.17937570186 -0.330738247084 -0.354978288808 3.17267893658 6.2
-0.293695071171 -0.365784734807 3.17937570186 -0.322546205934 -0.358926795457 3.17596328355 6.225
-0.293695071171 -0.365784734807 3.17937570186 -0.315133681138 -0.362430828011 3.178380492 6.25
-0.368833657051 -0.311500054569 3.1934689445 -0.319559557551 -0.357498930309 3.18318791228 6.275
-0.368833657051 -0.311500054569 3.1934689445 -0.323817576773 -0.352803045976 3.18699487086 6.3
-0.368833657051 -0.311500054569 3.1934689445 -0.327904510521 -0.348343147952 3.18993213677 6.325
-0.343022498862 -0.308012845631 3.2090075149 -0.32800519587 -0.34360350408 3.19556886292 6.35
-0.343022498862 -0.308012845631 3.2090075149 -0.328228381545 -0.339138229171 3.20014701797 6.375
-0.348280204209 -0.307061349153 3.21312386036 -0.329336957742 -0.334803217655 3.2047073524 6.4
-0.348280204209 -0.307061349153 3.21312386036 -0.330480447274 -0.330745819909 3.2083428252 6.425
-0.351787506255 -0.28025583669 3.22699281456 -0.33216690811 -0.32300144647 3.21424758443 6.45
-0.351787506255 -0.28025583669 3.22699281456 -0.333828385897 -0.315833506034 3.21907626438 6.475
-0.392469102926 -0.371308034281 3.21944973346 -0.341466739964 -0.322671927753 3.22127706341 6.5
-0.33215378011 -0.275455750991 3.24176600086 -0.339687356062 -0.314837527901 3.2277954051 6.525
-0.33215378011 -0.275455750991 3.24176600086 -0.338109908454 -0.307619348519 3.23316946253 6.55
-0.33215378011 -0.275455750991 3.24176600086 -0.336720001767 -0.300994671241 3.23752339907 6.575
-0.348098242332 -0.229354185328 3.25177442454 -0.337858946884 -0.288130912581 3.24319528612 6.6
-0.348098242332 -0.229354185328 3.25177442454 -0.338974123545 -0.276347128373 3.24780282663 6.625
-0.334674920465 -0.288703708353 3.24920073462 -0.338077741986 -0.274364183758 3.25089375179 6.65
-0.334674920465 -0.288703708353 3.24920073462 -0.337303192261 -0.272684011356 3.25322038497 6.675
-0.304067052987 -0.253953686655 3.25845359642 -0.332119228874 -0.266156074332 3.25693652716 6.7
-0.304067052987 -0.253953686655 3.25845359642 -0.327390958164 -0.260297162892 3.25983174045 6.725
-0.284960934146 -0.336254209013 3.25358670966 -0.320272660571 -0.267229492594 3.26092752139 6.75
-0.284960934146 -0.336254209013 3.25358670966 -0.313784211977 -0.273811333407 3.261530113 6.775
-0.284960934146 -0.336254209013 3.25358670966 -0.307894017803 -0.280047775746 3.26171890193 6.8
-0.380748550784 -0.289200643966 3.25555813235 -0.316719418305 -0.278994117446 3.26200407187 6.825
-0.425259554899 -0.221634695778 3.26147158735 -0.331548556162 -0.26817032184 3.26327344532 6.85
-0.425259554899 -0.221634695778 3.26147158735 -0.345307418483 -0.258321440454 3.26411795705 6.875
-0.425259554899 -0.221634695778 3.26147158735 -0.358032683339 -0.249400057967 3.26460454221 6.9
-0.307398944167 -0.26339492897 3.27581092274 -0.352352841615 -0.247527481058 3.26797697625 6.925
-0.31479246324 -0.329102046148 3.27234119575 -0.348169059282 -0.255711600063 3.26995080458 6.95
-0.31479246324 -0.329102046148 3.27234119575 -0.3442864201 -0.263461277218 3.27146412505 6.975
-0.299183726008 -0.227948493818 3.28611713986 -0.33838593311 -0.255841016696 3.2756377495 7.0
-0.299183726008 -0.227948493818 3.28611713986 -0.332940439386 -0.248967503926 3.27910035756 7.025
-0.311275612834 -0.28405287708 3.28114876376 -0.329715833878 -0.251086962894 3.28082586587 7.05
-0.311275612834 -0.28405287708 3.28114876376 -0.326766429374 -0.253223805554 3.2821228646 7.075
-0.311275612834 -0.28405287708 3.28114876376 -0.324078378965 -0.255365282947 3.28304982035 7.1
-0.265979269921 -0.328064898427 3.28398125187 -0.314947582089 -0.264000308315 3.28428930489 7.125
-0.265979269921 -0.328064898427 3.28398125187 -0.306575012341 -0.272108101621 3.28518561029 7.15
-0.265979269921 -0.328064898427 3.28398125187 -0.298926350221 -0.279699161107 3.28578865881 7.175
-0.292226547733 -0.269776980498 3.29444705751 -0.295844460869 -0.278175354578 3.28846723659 7.2
-0.292226547733 -0.269776980498 3.29444705751 -0.293115311402 -0.276832238117 3.29065781949 7.225
-0.326250966189 -0.30341778639 3.294834158 -0.295743546984 -0.28062427784 3.29250222647 7.25
-0.326250966189 -0.30341778639 3.294834158 -0.298289600954 -0.284179868707 3.29395616741 7.275
-0.326250966189 -0.30341778639 3.294834158 -0.300749348575 -0.287501890519 3.29506866389 7.3
-0.286720386173 -0.332415645187 3.29298840831 -0.297280207767 -0.294877092106 3.29547541712 7.325
-0.286720386173 -0.332415645187 3.29298840831 -0.294174912705 -0.301691313616 3.29567774571 7.35
-0.237927523829 -0.318560853884 3.29859026337 -0.284205110819 -0.305916670012 3.2969543282 7.375
-0.237927523829 -0.318560853884 3.29859026337 -0.275121071745 -0.309778909575 3.29794267862 7.4
-0.273442947337 -0.250627180961 3.3047068672 -0.272125309491 -0.303256936285 3.30003897264 7.425
-0.273442947337 -0.250627180961 3.3047068672 -0.269518579056 -0.297183960849 3.30175605502 7.45
-0.273442947337 -0.250627180961 3.3047068672 -0.267275404991 -0.291541943384 3.30313697169 7.475
-0.306143409105 -0.311717045752 3.30060683345 -0.270200984069 -0.295336526352 3.30331178123 7.5
-0.340212504361 -0.276207632518 3.3034355948 -0.278095195049 -0.293575713831 3.30396627312 7.525
-0.340212504361 -0.276207632518 3.3034355948 -0.285523818653 -0.291926654897 3.30442373944 7.55
-0.340212504361 -0.276207632518 3.3034355948 -0.292495502711 -0.290384503182 3.3047138635 7.575
-0.250116274921 -0.243999540924 3.31454358953 -0.285711858552 -0.284187288866 3.30732938396 7.6
-0.301845425656 -0.289601429204 3.31112491559 -0.287173097843 -0.285195935768 3.30877108125 7.625
-0.301845425656 -0.289601429204 3.31112491559 -0.288608784828 -0.286128066352 3.30993147789 7.65
-0.277981448632 -0.187955230393 3.32193992708 -0.286487477215 -0.271972084011 3.31324443134 7.675
-0.277981448632 -0.187955230393 3.32193992708 -0.284604030125 -0.258919240488 3.31604885604 7.7
-0.249263438138 -0.27221266374 3.31793327784 -0.278700142104 -0.259369407513 3.31750297109 7.725
-0.249263438138 -0.27221266374 3.31793327784 -0.273333843629 -0.25985777627 3.31864945382 7.75
-0.310807221813 -0.213920297873 3.3153764111 -0.277566821502 -0.25176874362 3.31895689802 7.775
-0.310807221813 -0.213920297873 3.3153764111 -0.281569082451 -0.244381114737 3.31909566314 7.8
-0.222940588733 -0.194437810882 3.32285961992 -0.272363773885 -0.234784669402 3.32075401463 7.825
-0.222940588733 -0.194437810882 3.32285961992 -0.263947428869 -0.226050037339 3.32209424175 7.85
-0.304893394035 -0.155926482241 3.3431387726 -0.268386425071 -0.21244766106 3.32765353779 7.875
-0.304893394035 -0.155926482241 3.3431387726 -0.272590411575 -0.200070275518 3.33241770096 7.9
-0.32808223207 -0.248287832555 3.33970434089 -0.279985845812 -0.202501577767 3.33569119221 7.925
-0.32808223207 -0.248287832555 3.33970434089 -0.286881456724 -0.204973214431 3.3383934677 7.95
-0.32808223207 -0.248287832555 3.33970434089 -0.293290757106 -0.207471057984 3.3405807846 7.975
-0.32808223207 -0.248287832555 3.33970434089 -0.299227866844 -0.209981587845 3.34230697658 8.0
-0.258811920339 -0.207260093482 3.36508140533 -0.294475838724 -0.206431906038 3.34925628918 8.025
-0.258811920339 -0.207260093482 3.36508140533 -0.290082428061 -0.203344270083 3.35516058113 8.05
-0.258811920339 -0.207260093482 3.36508140533 -0.286030727818 -0.200687975946 3.36011000218 8.075
-0.269184870008 0.0245995341277 3.37829341675 -0.283836433687 -0.164186050762 3.36712446367 8.1
-0.306759686621 -0.240947110741 3.36936641914 -0.287381470989 -0.169960017244 3.37101787774 8.125
-0.306759686621 -0.240947110741 3.36936641914 -0.29067064753 -0.175579466114 3.37411618474 8.15
-0.306759686621 -0.240947110741 3.36936641914 -0.293711307059 -0.181033046377 3.3765041011 8.175
-0.287709897075 -0.232445810609 3.37497011101 -0.29369738031 -0.18505473867 3.37950637028 8.2
-0.318579153538 -0.326435040394 3.36767166106 -0.298230486467 -0.202872052745 3.38018493225 8.225
-0.318579153538 -0.326435040394 3.36767166106 -0.30239350107 -0.219503399038 3.38043883736 8.25
-0.318579153538 -0.326435040394 3.36767166106 -0.30620058297 -0.234982043967 3.3803332471 8.275
-0.30030593979 -0.205366420458 3.38805925382 -0.306967057131 -0.231459808223 3.3844541626 8.3
-0.30030593979 -0.205366420458 3.38805925382 -0.307617835737 -0.228254482323 3.38778263356 8.325
-0.30030593979 -0.205366420458 3.38805925382 -0.308159038898 -0.225345532609 3.39040534556 8.35
-0.30030593979 -0.205366420458 3.38805925382 -0.308596894644 -0.222713402233 3.39240418912 8.375
-0.282253337189 -0.225750068172 3.39644857177 -0.306271221155 -0.223350250541 3.39571838088 8.4
-0.282253337189 -0.225750068172 3.39644857177 -0.304063542678 -0.223991877518 3.39833181437 8.425
-0.282253337189 -0.225750068172 3.39644857177 -0.301971679841 -0.224630987384 3.40032632703 8.45
-0.284706879306 -0.252649391641 3.40658207407 -0.300355824674 -0.229234282657 3.40402812485 8.475
-0.284706879306 -0.252649391641 3.40658207407 -0.29882294136 -0.233511846315 3.40698668316 8.5
-0.284706879306 -0.252649391641 3.40658207407 -0.297371846769 -0.237471351289 3.40928654628 8.525
-0.284706879306 -0.252649391641 3.40658207407 -0.296001270551 -0.241121149059 3.41100723333 8.55
-0.240899543365 -0.169592260466 3.41579046504 -0.288239236473 -0.232202178491 3.41426720605 8.575
-0.240899543365 -0.169592260466 3.41579046504 -0.28106136465 -0.223952308019 3.41684375703 8.6
-0.240899543365 -0.169592260466 3.41579046504 -0.274445437782 -0.216342479537 3.41881731632 8.625
-0.203011882566 -0.106419371012 3.42473970672 -0.262772903576 -0.200013094586 3.42224973196 8.65
-0.291485040397 -0.174248397355 3.41624238577 -0.265123666007 -0.19501617804 3.42309757815 8.675
-0.248020346038 -0.192354750313 3.41901780784 -0.260946516098 -0.193165719271 3.42417297707 8.7
-0.30699947501 -0.295756709907 3.41213965586 -0.265876919901 -0.206825995389 3.4233194411 8.725
-0.30699947501 -0.295756709907 3.41213965586 -0.270502327986 -0.219512339996 3.42231003729 8.75
-0.239032605591 -0.24039324859 3.42275565111 -0.264792389808 -0.223080335968 3.42354526603 8.775
-0.239032605591 -0.24039324859 3.42275565111 -0.259580888155 -0.226381148842 3.42442187106 8.8
-0.333749142783 -0.259075719435 3.4182496626 -0.268834978795 -0.232182195594 3.42399273479 8.825
-0.247143293689 -0.201178095942 3.43045820263 -0.264654261634 -0.228964434085 3.42613793971 8.85
-0.247143293689 -0.201178095942 3.43045820263 -0.260854127422 -0.225966546558 3.42785484919 8.875
-0.177024330091 -0.168577624547 3.43809427924 -0.24705884337 -0.218363751838 3.43089178231 8.9
-0.294217997754 -0.17098362478 3.43532986829 -0.251727773069 -0.211694420896 3.43278363225 8.925
-0.294217997754 -0.17098362478 3.43532986829 -0.256144415221 -0.20555104081 3.43427715122 8.95
-0.294217997754 -0.17098362478 3.43532986829 -0.260312907746 -0.199910667663 3.43542234465 8.975
-0.294217997754 -0.17098362478 3.43532986829 -0.264237682534 -0.19475058819 3.43626550847 9.0
-0.243617592923 -0.264321759507 3.42458244943 -0.260449499971 -0.203834928689 3.4344637281 9.025
-0.243617592923 -0.264321759507 3.42458244943 -0.257012440519 -0.212275703518 3.43273141199 9.05
-0.243617592923 -0.264321759507 3.42458244943 -0.253908068652 -0.220094901865 3.43108561726 9.075
-0.243617592923 -0.264321759507 3.42458244943 -0.251118287992 -0.227314767662 3.42954015243 9.1
-0.275695625893 -0.21140161619 3.4337222694 -0.253363471589 -0.226141162109 3.43013451639 9.125
-0.275695625893 -0.21140161619 3.4337222694 -0.255517242989 -0.225025258093 3.43060150388 9.15
-0.262831705028 -0.21097846593 3.43745560838 -0.25567763073 -0.223902514236 3.43179093364 9.175
-0.239799286252 -0.208227845755 3.44057430327 -0.252489909143 -0.222432159152 3.43348444128 9.2
-0.239799286252 -0.208227845755 3.44057430327 -0.249615225777 -0.221050326491 3.43492864612 9.225
-0.332792562825 -0.255771383285 3.43327491423 -0.260771623596 -0.226776344164 3.43452956512 9.25
-0.301161822537 -0.283441670578 3.432553424 -0.266459004919 -0.236122079466 3.43396831128 9.275
-0.301161822537 -0.283441670578 3.432553424 -0.271742118694 -0.244699964394 3.43343424655 9.3
-0.301161822537 -0.283441670578 3.432553424 -0.276633456385 -0.252542492611 3.43293419216 9.325
-0.259905708691 -0.242782003073 3.43793955786 -0.275052112194 -0.253676486798 3.43366897004 9.35
-0.259905708691 -0.242782003073 3.43793955786 -0.273582076827 -0.25461018102 3.43430171459 9.375
-0.298487049156 -0.21981226369 3.44281774776 -0.277916159318 -0.25196402396 3.43592717619 9.4
-0.298487049156 -0.21981226369 3.44281774776 -0.281904004765 -0.249409429556 3.43734185715 9.425
-0.223279665409 -0.241767970709 3.44243265193 -0.274449875874 -0.25019145563 3.43847848822 9.45
-0.223279665409 -0.241767970709 3.44243265193 -0.267544961043 -0.250815106441 3.43945015376 9.475
-0.306553304079 -0.20845525549 3.44219072418 -0.273467135742 -0.2463718129 3.44021878553 9.5
-0.306553304079 -0.20845525549 3.44219072418 -0.278931638357 -0.242178841861 3.44085935681 9.525
-0.357121854858 -0.238039617348 3.43792452172 -0.291425184885 -0.242601598071 3.44043838359 9.55
-0.357121854858 -0.238039617348 3.43792452172 -0.302911422565 -0.242923528242 3.44003046176 9.575
-0.357121854858 -0.238039617348 3.43792452172 -0.313431876801 -0.243153502055 3.43964001561 9.6
-0.265877962436 -0.174102267249 3.4495423812 -0.309550874698 -0.233856100846 3.44184951217 9.625
-0.265877962436 -0.174102267249 3.4495423812 -0.305842239972 -0.225222630387 3.44376997471 9.65
-0.265877962436 -0.174102267249 3.4495423812 -0.302304562933 -0.217230757431 3.44542387071 9.675
-0.287787377468 -0.253714043983 3.44314261879 -0.302172485246 -0.221616935294 3.44541242613 9.7
-0.287787377468 -0.253714043983 3.44314261879 -0.301954884878 -0.225678562798 3.44534974191 9.725
-0.269648151959 -0.206742852434 3.4473916997 -0.29898096206 -0.222491898044 3.44618820122 9.75
-0.269648151959 -0.206742852434 3.4473916997 -0.296147960644 -0.219551846179 3.44687861666 9.775
-0.269648151959 -0.206742852434 3.4473916997 -0.293455335294 -0.216849938252 3.4474361387 9.8
-0.280918537154 -0.239205142369 3.44709001591 -0.292566970804 -0.219172352245 3.4478081994 9.825
-0.213364272938 -0.170820232243 3.45147293895 -0.281708577023 -0.211239128464 3.44905639921 9.85
-0.213364272938 -0.170820232243 3.45147293895 -0.271643265578 -0.203947988831 3.45010207185 9.875
-0.213364272938 -0.170820232243 3.45147293895 -0.262342808619 -0.197272784065 3.4509643834 9.9
-0.276111592351 -0.226064060161 3.44749722828 -0.263046844695 -0.199347098171 3.45077919546 9.925
-0.313780291765 -0.242878644868 3.44502345117 -0.269296862732 -0.203829656122 3.45000453705 9.95
-0.313780291765 -0.242878644868 3.44502345117 -0.275094001306 -0.208042104991 3.44926588548 9.975
-0.292479753437 -0.261035577071 3.44268781085 -0.277310136582 -0.214673939457 3.44804931569 10.0
-0.292479753437 -0.261035577071 3.44268781085 -0.279355678142 -0.22084100375 3.44693984948 10.025
-0.286823058502 -0.179660327582 3.45199795502 -0.280402828851 -0.214539966052 3.44800276993 10.05
-0.286823058502 -0.179660327582 3.45199795502 -0.281360102377 -0.208747643615 3.44891851163 10.075
-0.295886498794 -0.275512401382 3.44522145372 -0.283571005082 -0.217600091945 3.44819625565 10.1
-0.295886498794 -0.275512401382 3.44522145372 -0.285596672021 -0.225809400566 3.44753543187 10.125
-0.225137739488 -0.250394607861 3.4428686264 -0.276995871963 -0.229689018102 3.44641392118 10.15
-0.249611840613 -0.317373371456 3.43650747128 -0.272660227112 -0.243156181538 3.44400489206 10.175
-0.293749740936 -0.187936136696 3.44850371378 -0.275186439507 -0.236436568807 3.44454935228 10.2
-0.280823495026 -0.33559813921 3.43340198782 -0.275622096655 -0.251999455312 3.4416922788 10.225
-0.280823495026 -0.33559813921 3.43340198782 -0.276033235887 -0.266309677402 3.43919641718 10.25
-0.164950650854 -0.195794678955 3.44698308328 -0.259305862535 -0.258769638543 3.44005334038 10.275
-0.164950650854 -0.195794678955 3.44698308328 -0.243895821904 -0.251697720545 3.440859208 10.3
-0.20390896668 -0.195291612807 3.4474000211 -0.235503887523 -0.245005899252 3.4417068599 10.325
-0.20390896668 -0.195291612807 3.4474000211 -0.227871625314 -0.238760468855 3.44249279175 10.35
-0.20390896668 -0.195291612807 3.4474000211 -0.220963779303 -0.232947223169 3.44321807918 10.375
-0.243122336896 -0.290236853114 3.43860235419 -0.220537231807 -0.241575782173 3.44193111172 10.4
-0.283468767702 -0.232812034525 3.4428472079 -0.226270958217 -0.24102791233 3.44176539517 10.425
-0.20563175978 -0.2552959475 3.44386557309 -0.220225766922 -0.24380056917 3.44187660409 10.45
-0.20563175978 -0.2552959475 3.44386557309 -0.214801565587 -0.24631559099 3.44200513637 10.475
-0.20563175978 -0.2552959475 3.44386557309 -0.209965022818 -0.248586185081 3.4421469264 10.5
-0.254307853715 -0.230263783684 3.44411519425 -0.212872968041 -0.246927962305 3.44235361495 10.525
-0.254307853715 -0.230263783684 3.44411519425 -0.215740415568 -0.24534054282 3.44255961608 10.55
-0.231120776017 -0.357476895973 3.43029383716 -0.215133493041 -0.262614864381 3.43969431778 10.575
-0.231120776017 -0.357476895973 3.43029383716 -0.214736725834 -0.278490551465 3.43719574975 10.6
-0.231120776017 -0.357476895973 3.43029383716 -0.214531378823 -0.293027853791 3.43503780794 10.625
-0.249671342382 -0.224647727236 3.43998727772 -0.217239398564 -0.286667075894 3.43534641739 10.65
-0.249671342382 -0.224647727236 3.43998727772 -0.219888877381 -0.280623261952 3.43568341854 10.675
-0.249671342382 -0.224647727236 3.43998727772 -0.222471860855 -0.274893099794 3.43604093082 10.7
-0.249671342382 -0.224647727236 3.43998727772 -0.224981121387 -0.269472839728 3.43641164691 10.725
-0.227238739598 -0.260868694584 3.43632319041 -0.22409673812 -0.269708312322 3.43597556233 10.75
-0.256460300861 -0.343329010458 3.42728901687 -0.227701952617 -0.282005849563 3.43363338305 10.775
-0.256460300861 -0.343329010458 3.42728901687 -0.231127138317 -0.293244011316 3.43162212338 10.8
-0.256460300861 -0.343329010458 3.42728901687 -0.234371220709 -0.303472938141 3.42991497447 10.825
-0.264810549428 -0.259669397564 3.43576995385 -0.238667231687 -0.300385183431 3.43036837182 10.85
-0.264810549428 -0.259669397564 3.43576995385 -0.242685603038 -0.297354007761 3.43084596902 10.875
-0.264356498587 -0.244319179726 3.43624818588 -0.246364242265 -0.292121025581 3.43144426138 10.9
-0.276023752252 -0.201259980001 3.43769716142 -0.251504415611 -0.280779180862 3.43235707347 10.925
-0.276023752252 -0.201259980001 3.43769716142 -0.256253936964 -0.270186726252 3.43321672043 10.95
-0.332625805285 -0.273480014105 3.43104286184 -0.26898537501 -0.270990301353 3.4325425943 10.975
-0.332625805285 -0.273480014105 3.43104286184 -0.280696485169 -0.271666172065 3.43198843273 11.0
-0.332625805285 -0.273480014105 3.43104286184 -0.29142704127 -0.272226241458 3.43154089228 11.025
-0.332625805285 -0.273480014105 3.43104286184 -0.301217223763 -0.272681729445 3.43118749835 11.05
-0.30798755905 -0.305785305552 3.42441745699 -0.306468320245 -0.277814880039 3.42944598393 11.075
-0.242155856894 -0.262497730733 3.42980808317 -0.301421404826 -0.276096582656 3.42915128988 11.1
-0.242155856894 -0.262497730733 3.42980808317 -0.296590603927 -0.274445658582 3.42894006169 11.125
-0.242155856894 -0.262497730733 3.42980808317 -0.291974202924 -0.272865614877 3.42880097786 11.15
-0.206988514095 -0.32217251863 3.42521180331 -0.282376007419 -0.280173692339 3.4277032925 11.175
-0.206988514095 -0.32217251863 3.42521180331 -0.273395150181 -0.286867966012 3.42678139859 11.2
-0.222915476138 -0.29005779153 3.42708400778 -0.267365503243 -0.288234794969 3.4264339556 11.225
-0.222915476138 -0.29005779153 3.42708400778 -0.261731559547 -0.289418371639 3.4261788279 11.25
-0.270888979713 -0.295619976344 3.42716171451 -0.263567698441 -0.29125394897 3.42602122602 11.275
-0.270888979713 -0.295619976344 3.42716171451 -0.265221439646 -0.292868796792 3.42593058295 11.3
-0.28213068704 -0.359512357991 3.4206723697 -0.268363742648 -0.303715434984 3.42445618556 11.325
-0.28213068704 -0.359512357991 3.4206723697 -0.271214397951 -0.313632563738 3.42320388584 11.35
-0.3126043778 -0.341911020959 3.42152780642 -0.278289816616 -0.320064609902 3.42234359966 11.375
-0.250995799337 -0.329613263827 3.42541511616 -0.275651556275 -0.324042139085 3.42250610937 11.4
-0.250995799337 -0.329613263827 3.42541511616 -0.273140936446 -0.327558607089 3.42270696643 11.425
-0.250995799337 -0.329613263827 3.42541511616 -0.270757697764 -0.330642427303 3.42293696738 11.45
-0.329683674948 -0.284974245152 3.42153104215 -0.28012394406 -0.326727912698 3.42232561783 11.475
-0.322330960015 -0.297711081851 3.4259401083 -0.287620309877 -0.324833007563 3.42281092126 11.5
-0.235250377125 -0.342885306671 3.42431405184 -0.281591373026 -0.329606990893 3.42292103077 11.525
-0.235250377125 -0.342885306671 3.42431405184 -0.275938309362 -0.33386566996 3.42305580606 11.55
-0.235250377125 -0.342885306671 3.42431405184 -0.270651790008 -0.337640170337 3.42320833368 11.575
-0.235952768492 -0.343198980994 3.42523286937 -0.265825864186 -0.341007171419 3.4235764403 11.6
-0.204586132603 -0.370928647702 3.42137595286 -0.256705552937 -0.34804210225 3.42306993292 11.625
-0.204586132603 -0.370928647702 3.42137595286 -0.248276446424 -0.354357395274 3.42264582902 11.65
-0.255362934614 -0.373991020551 3.42173180076 -0.248013361074 -0.36044646822 3.42237403998 11.675
-0.255362934614 -0.373991020551 3.42173180076 -0.247803652655 -0.365861791656 3.42215756284 11.7
-0.255362934614 -0.373991020551 3.42173180076 -0.247645422954 -0.37064410229 3.42198921142 11.725
-0.255362934614 -0.373991020551 3.42173180076 -0.247536533501 -0.374833185404 3.42186239123 11.75
-0.292853301934 -0.308734417276 3.42825407986 -0.253012196388 -0.368829040153 3.42321882305 11.775
-0.292853301934 -0.308734417276 3.42825407986 -0.258098897764 -0.363062695846 3.42442950712 11.8
-0.292853301934 -0.308734417276 3.42825407986 -0.262811652417 -0.357540101216 3.42550083706 11.825
-0.292853301934 -0.308734417276 3.42825407986 -0.267165360534 -0.352266109977 3.42643967492 11.85
-0.325821811521 -0.308402512661 3.42748328756 -0.27604446965 -0.347195445008 3.42708220062 11.875
-0.325821811521 -0.308402512661 3.42748328756 -0.284212866352 -0.342383609899 3.42762789242 11.9
-0.271689059869 -0.340444127914 3.42481461533 -0.283704955232 -0.342564737748 3.42749092226 11.925
-0.29734620241 -0.343636150666 3.42207550976 -0.286962077353 -0.343107438803 3.4267342966 11.95
-0.303050427239 -0.338257990265 3.4250699481 -0.290744820986 -0.34272331824 3.42670668889 11.975
-0.289924654726 -0.471091159688 3.40891779845 -0.292222257082 -0.361904079052 3.42307489757 12.0
-0.307748080067 -0.315270483585 3.4283167406 -0.296136357691 -0.356489399829 3.4241681365 12.025
-0.307748080067 -0.315270483585 3.4283167406 -0.299660870092 -0.351369473345 3.42513214371 12.05
-0.275662168426 -0.40513790841 3.41936922029 -0.298077116635 -0.359816912521 3.42398909839 12.075
-0.275662168426 -0.40513790841 3.41936922029 -0.296515687284 -0.367516473212 3.42297441431 12.1
-0.275662168426 -0.40513790841 3.41936922029 -0.294981512854 -0.374507326197 3.42208065777 12.125
-0.329693368942 -0.380990673304 3.42111074618 -0.301459938406 -0.377261064226 3.42168691082 12.15
-0.329693368942 -0.380990673304 3.42111074618 -0.307349808645 -0.379660965239 3.42135215686 12.175
-0.321887321577 -0.37849038164 3.42052253693 -0.311527486284 -0.381362864581 3.42094133654 12.2
-0.316815168759 -0.355853879068 3.42502342391 -0.314516014523 -0.379445683788 3.4215954501 12.225
-0.316815168759 -0.355853879068 3.42502342391 -0.317148114071 -0.377536867394 3.42218869161 12.25
-0.343343223409 -0.438449981084 3.41180420139 -0.323364197383 -0.387846977228 3.41978925863 12.275
-0.343343223409 -0.438449981084 3.41180420139 -0.328960786429 -0.397230844683 3.41769021248 12.3
-0.276149860001 -0.447802301744 3.41484475675 -0.324046588451 -0.407117601854 3.41654609183 12.325
-0.327377313569 -0.381878456824 3.42148384729 -0.326922966745 -0.406327212557 3.41705350094 12.35
-0.306633638796 -0.348673343341 3.42641948457 -0.326367866937 -0.400504942835 3.41864069437 12.375
-0.306633638796 -0.348673343341 3.42641948457 -0.32570939517 -0.394957618614 3.42007622432 12.4
-0.306633638796 -0.348673343341 3.42641948457 -0.324961446199 -0.389686959592 3.42136612926 12.425
-0.281010673258 -0.420522503229 3.41981092717 -0.32035258243 -0.395306271038 3.42104988213 12.45
-0.309107098261 -0.410920698577 3.4151051109 -0.320126270978 -0.398953843804 3.41973462678 12.475
-0.342174718117 -0.378474947211 3.42046342326 -0.324691723698 -0.397399179946 3.41977660709 12.5
-0.342174718117 -0.378474947211 3.42046342326 -0.328794648907 -0.395837047856 3.41982963519 12.525
-0.296393743298 -0.414907412638 3.41945985351 -0.325700105087 -0.399659727201 3.41966817245 12.55
-0.296393743298 -0.414907412638 3.41945985351 -0.322725996974 -0.403074759298 3.41953953541 12.575
-0.300131194366 -0.420766848021 3.42011912673 -0.320428559567 -0.40697392135 3.41958610415 12.6
-0.300131194366 -0.420766848021 3.42011912673 -0.318216011132 -0.410449392464 3.41964008983 12.625
-0.333961024024 -0.402294143676 3.41785234742 -0.321089743976 -0.410799902875 3.41919606965 12.65
-0.322973972032 -0.418954425776 3.41253146274 -0.322042726256 -0.413454748282 3.41763520431 12.675
-0.321835778148 -0.390759711234 3.42211809846 -0.32267579273 -0.411612727089 3.41840419821 12.7
-0.305985758781 -0.362957854496 3.42603628486 -0.320842296941 -0.40568157673 3.41997175961 12.725
-0.259883933248 -0.382757255229 3.42439231631 -0.312269137334 -0.403023290746 3.42099991658 12.75
-0.259883933248 -0.382757255229 3.42439231631 -0.304302748989 -0.400480056004 3.42190721793 12.775
-0.277402804523 -0.336026600339 3.42976310158 -0.299512329291 -0.391153532994 3.42389252502 12.8
-0.277402804523 -0.336026600339 3.42976310158 -0.295088640979 -0.382489630426 3.42562586643 12.825
-0.324485426494 -0.377484323554 3.42427453358 -0.297974716415 -0.38059231089 3.42590537664 12.85
-0.314255365249 -0.462386581131 3.40863263707 -0.299148903546 -0.3913789204 3.42264174817 12.875
-0.309091093858 -0.40717751792 3.41568327881 -0.299487571572 -0.393171027976 3.42130051998 12.9
-0.309091093858 -0.40717751792 3.41568327881 -0.299817827226 -0.394799460268 3.42010629796 12.925
-0.340971382926 -0.47243946919 3.40709774284 -0.304850374955 -0.405914981945 3.41714519174 12.95
-0.285209975321 -0.394852406457 3.42186308578 -0.301272870469 -0.404673991831 3.41782350568 12.975
-0.285209975321 -0.394852406457 3.42186308578 -0.297982468756 -0.403474387044 3.41844259539 13.0
-0.286613725 -0.410474402776 3.415573043 -0.295176130389 -0.404627325427 3.41760868657 13.025
-0.30523491438 -0.38709268662 3.41953979998 -0.295370117797 -0.402194278669 3.41777042146 13.05
-0.352870491356 -0.47480441809 3.40497886449 -0.30262456119 -0.412864776664 3.41469982937 13.075
-0.316682448969 -0.349678067108 3.42235993444 -0.304005876936 -0.404185778826 3.41587796507 13.1
-0.316682448969 -0.349678067108 3.42235993444 -0.305298363057 -0.396125239754 3.41695160077 13.125
-0.35081895383 -0.463438555669 3.40573222897 -0.31154772831 -0.405466232037 3.41423357852 13.15
-0.35081895383 -0.463438555669 3.40573222897 -0.317320565852 -0.414069904343 3.41186672411 13.175
-0.350854140969 -0.400896940597 3.41609381921 -0.322641497293 -0.412731174643 3.4121261374 13.2
-0.350854140969 -0.400896940597 3.41609381921 -0.327524254168 -0.411443189688 3.41240805491 13.225
-0.253385152368 -0.369763002008 3.42366124265 -0.317591337234 -0.405609705951 3.41438604994 13.25
-0.253385152368 -0.369763002008 3.42366124265 -0.308385561119 -0.40019138938 3.41617069751 13.275
-0.27861366888 -0.370207187405 3.42056147504 -0.303606449275 -0.395240835397 3.41708182569 13.3
-0.278378499352 -0.423535080735 3.40982410307 -0.299174178986 -0.398550774159 3.41551599198 13.325
-0.3048614827 -0.391669792303 3.41245088285 -0.299022680464 -0.396907592919 3.41473236969 13.35
-0.3048614827 -0.391669792303 3.41245088285 -0.298918650033 -0.395397708575 3.41406219138 13.375
-0.32587445591 -0.381419622777 3.41088390738 -0.301962822053 -0.392503120822 3.41314770544 13.4
-0.32587445591 -0.381419622777 3.41088390738 -0.304805458733 -0.389852106543 3.41236943238 13.425
-0.295221692873 -0.398263919312 3.4099029804 -0.302925790133 -0.389923370239 3.41149778391 13.45
-0.308510434712 -0.409642839764 3.40529688142 -0.303175461623 -0.391705398965 3.40974308242 13.475
-0.308510434712 -0.409642839764 3.40529688142 -0.303430395672 -0.393384173449 3.4082391639 13.5
-0.308510434712 -0.409642839764 3.40529688142 -0.303689260807 -0.394963195329 3.40696576024 13.525
-0.326553630505 -0.385915019932 3.40492991494 -0.306615843895 -0.392941116025 3.40582165481 13.55
-0.326553630505 -0.385915019932 3.40492991494 -0.309335183576 -0.391100318406 3.40487899052 13.575
-0.345917666867 -0.490786907543 3.38643856989 -0.314714748063 -0.404923077486 3.40001402326 13.6
-0.342045875803 -0.437706372632 3.39369968212 -0.319105917504 -0.409858392412 3.39742278698 13.625
-0.319382980136 -0.403893081044 3.39752710324 -0.31979439818 -0.409407242334 3.39609741585 13.65
-0.33223634914 -0.4265392602 3.39212932784 -0.322302892665 -0.412316327081 3.39385055966 13.675
-0.33223634914 -0.4265392602 3.39212932784 -0.324588337107 -0.414979235855 3.39199699248 13.7
-0.33223634914 -0.4265392602 3.39212932784 -0.326660856984 -0.417406988885 3.39049959655 13.725
-0.360162365408 -0.467781144307 3.3820188158 -0.332655408929 -0.425702229235 3.3870782762 13.75
-0.360162365408 -0.467781144307 3.3820188158 -0.338134366278 -0.433307359151 3.38421523369 13.775
-0.33035452369 -0.421264007575 3.38841066782 -0.338718119153 -0.43338176333 3.38327867093 13.8
-0.345900872931 -0.48320333479 3.37829567504 -0.341473490246 -0.442513067505 3.38038337736 13.825
-0.338501067753 -0.437717828433 3.38441569873 -0.342840403148 -0.444125932519 3.37936962145 13.85
-0.310843143239 -0.422273525593 3.38876928537 -0.339928292932 -0.443220591508 3.37962870037 13.875
-0.310843143239 -0.422273525593 3.38876928537 -0.337154635227 -0.442272252916 3.38003799155 13.9
-0.348110575633 -0.438218778213 3.38115704483 -0.340023276993 -0.443644020532 3.3788786561 13.925
-0.348110575633 -0.438218778213 3.38115704483 -0.342597707777 -0.444803927833 3.3780186495 13.95
-0.32717497798 -0.391587423823 3.38782000201 -0.341801902587 -0.438879022172 3.3788991523 13.975
-0.32717497798 -0.391587423823 3.38782000201 -0.340986240049 -0.433310593179 3.37982622518 14.0
-0.32717497798 -0.391587423823 3.38782000201 -0.340156576881 -0.428090710727 3.38077848402 14.025
-0.279838341332 -0.433615359269 3.38557782512 -0.33232655012 -0.429418825517 3.38123925675 14.05
-0.323299711999 -0.452546267583 3.37694126823 -0.331460081189 -0.433388721761 3.37983300321 14.075
-0.323299711999 -0.452546267583 3.37694126823 -0.330617761141 -0.436995981993 3.37869131951 14.1
-0.368439003058 -0.509286803657 3.36344326972 -0.336469660099 -0.448640710058 3.37478704496 14.125
-0.301757639195 -0.359992266697 3.38849123171 -0.331979702619 -0.43725305043 3.37701112717 14.15
-0.346957998649 -0.507672464436 3.36579235336 -0.334467777751 -0.448469161523 3.37403996483 14.175
-0.346957998649 -0.507672464436 3.36579235336 -0.336726529774 -0.458742711507 3.37151921354 14.2
-0.346957998649 -0.507672464436 3.36579235336 -0.338768536455 -0.468117194985 3.36940684095 14.225
-0.338591702437 -0.397328650541 3.3836721924 -0.339370309136 -0.460337212083 3.37163160812 14.25
-0.338591702437 -0.397328650541 3.3836721924 -0.339876279257 -0.453019539511 3.37370487746 14.275
-0.240463793649 -0.373083918724 3.38889865324 -0.32580005717 -0.442573165117 3.37678189977 14.3
-0.240463793649 -0.373083918724 3.38889865324 -0.312777627795 -0.432849041351 3.37955880157 14.325
-0.240463793649 -0.373083918724 3.38889865324 -0.300769831841 -0.423824757807 3.38204365113 14.35
-0.300941944293 -0.514414034031 3.36255881463 -0.298670208735 -0.436352686691 3.37839961299 14.375
-0.300941944293 -0.514414034031 3.36255881463 -0.296806844647 -0.447900063509 3.3751945458 14.4
-0.291315369581 -0.439642849891 3.37352468989 -0.293746431072 -0.447465395236 3.37482944721 14.425
-0.346235361027 -0.406515616857 3.36936050999 -0.299122636543 -0.442106428701 3.37361858493 14.45
-0.346235361027 -0.406515616857 3.36936050999 -0.304172309498 -0.437105791082 3.37258700651 14.475
-0.346235361027 -0.406515616857 3.36936050999 -0.308905114923 -0.432453959013 3.37171709045 14.5
-0.337622827427 -0.514557060094 3.35947048556 -0.312058600762 -0.444099348777 3.36879699906 14.525
-0.337622827427 -0.514557060094 3.35947048556 -0.315014174671 -0.454824077764 3.36627301264 14.55
-0.337622827427 -0.514557060094 3.35947048556 -0.317777549501 -0.464668278988 3.36411336507 14.575
-0.337622827427 -0.514557060094 3.35947048556 -0.320354514545 -0.473671700137 3.36228728813 14.6
-0.259012584154 -0.37432445042 3.3830321941 -0.311139737059 -0.461160493006 3.36599502755 14.625
-0.259012584154 -0.37432445042 3.3830321941 -0.302659253765 -0.449508124183 3.36934297795 14.65
-0.259012584154 -0.37432445042 3.3830321941 -0.294882090514 -0.438687038152 3.37234464598 14.675
-0.259012584154 -0.37432445042 3.3830321941 -0.287777380655 -0.428669236526 3.37501463896 14.7
-0.294829959545 -0.405793659381 3.37619651243 -0.286604832052 -0.4240744811 3.37585128958 14.725
-0.286966533126 -0.39621204312 3.37474591086 -0.284467849157 -0.418446646115 3.37625071847 14.75
-0.367790792166 -0.512661408139 3.34796588873 -0.294543562063 -0.430497674083 3.37063512902 14.775
-0.367790792166 -0.512661408139 3.34796588873 -0.30394232705 -0.441661739168 3.36567417484 14.8
-0.305947323597 -0.385819128545 3.37389385141 -0.303550894352 -0.433238854129 3.36708059001 14.825
-0.305947323597 -0.385819128545 3.37389385141 -0.303240632487 -0.425466039277 3.36835846639 14.85
-0.231483336733 -0.325779520794 3.38814830797 -0.292005633399 -0.409450250453 3.37267560974 14.875
-0.231483336733 -0.325779520794 3.38814830797 -0.281698784218 -0.394728831672 3.37648809829 14.9
-0.231483336733 -0.325779520794 3.38814830797 -0.272278498242 -0.381248317097 3.37982553899 14.925
-0.313555394284 -0.320460504739 3.3817923652 -0.275826058283 -0.368169491323 3.38130712229 14.95
-0.313555394284 -0.320460504739 3.3817923652 -0.279229142597 -0.356285912855 3.38254526124 14.975
-0.393178833149 -0.440442051832 3.35681892487 -0.29424678078 -0.363263551759 3.37801596342 15.0
-0.393178833149 -0.440442051832 3.35681892487 -0.30819612708 -0.369937362499 3.37395489691 15.025
-0.393178833149 -0.440442051832 3.35681892487 -0.321113734252 -0.376308278156 3.37033769231 15.05
-0.336482939268 -0.379071868322 3.37310742434 -0.324662272663 -0.37331284746 3.37075529081 15.075
-0.336482939268 -0.379071868322 3.37310742434 -0.327908981443 -0.370727089061 3.37112831996 15.1
-0.336482939268 -0.379071868322 3.37310742434 -0.330864944734 -0.368524318847 3.37146007066 15.125
-0.264607781611 -0.372223765234 3.37791024077 -0.322925183154 -0.365666897686 3.37281971799 15.15
-0.377136475918 -0.475053963825 3.35292358231 -0.33216995264 -0.378408619809 3.3684683941 15.175
-0.377136475918 -0.475053963825 3.35292358231 -0.340655141248 -0.39034385691 3.36463686886 15.2
-0.353212816454 -0.44248601905 3.35898952425 -0.344878358905 -0.396683166966 3.3626390508 15.225
-0.353212816454 -0.44248601905 3.35898952425 -0.348681296196 -0.402635331587 3.36093239519 15.25
-0.353212816454 -0.44248601905 3.35898952425 -0.35208419778 -0.408207492096 3.35949487655 15.275
-0.273606158261 -0.473483483389 3.36515509655 -0.343348955381 -0.417986016161 3.3596731832 15.3
-0.273606158261 -0.473483483389 3.36515509655 -0.335174584385 -0.427042557067 3.35991098046 15.325
-0.323917698274 -0.401136456654 3.36020391681 -0.334975062384 -0.424714833673 3.35909878442 15.35
-0.323917698274 -0.401136456654 3.36020391681 -0.334719918528 -0.422549818005 3.35845906426 15.375
-0.323917698274 -0.401136456654 3.36020391681 -0.334415229268 -0.420538420062 3.35797381655 15.4
-0.26794520145 -0.356470086292 3.37682175464 -0.325799413805 -0.412074571146 3.36131437694 15.425
-0.26794520145 -0.356470086292 3.37682175464 -0.317792775058 -0.404264073599 3.3643277014 15.45
-0.353314348388 -0.551001016987 3.34431980704 -0.322983958709 -0.425811603263 3.35981255087 15.475
-0.274546504381 -0.414289493881 3.36926625697 -0.316120818426 -0.425513239244 3.36141063899 15.5
-0.321086052314 -0.448362616367 3.35843598629 -0.31664158763 -0.430239229755 3.36046654147 15.525
-0.321086052314 -0.448362616367 3.35843598629 -0.317115591882 -0.434562480172 3.35967858893 15.55
-0.293563399283 -0.358071740652 3.37714994748 -0.313480866733 -0.425162487204 3.36318512532 15.575
-0.322072263659 -0.409749547368 3.366954612 -0.31433492319 -0.424069050924 3.36405006409 15.6
-0.322072263659 -0.409749547368 3.366954612 -0.315127189462 -0.423025493938 3.36482982972 15.625
-0.3155751655 -0.356108764923 3.37613043301 -0.314901243719 -0.414107191683 3.36756277519 15.65
-0.287782971747 -0.398262196201 3.37096633088 -0.310589880422 -0.412082286982 3.36882088069 15.675
-0.287782971747 -0.398262196201 3.37096633088 -0.306619393938 -0.410210529641 3.36990846636 15.7
-0.337288168682 -0.490263514896 3.35167954157 -0.310288682654 -0.422074461222 3.36655483187 15.725
-0.337288168682 -0.490263514896 3.35167954157 -0.313699746717 -0.433014730798 3.36357158258 15.75
-0.342747568361 -0.471270566408 3.35700881069 -0.317668789239 -0.440262879043 3.3621191022 15.775
-0.342747568361 -0.471270566408 3.35700881069 -0.321336053111 -0.446880846182 3.3608485142 15.8
-0.224258728199 -0.377534385136 3.3793323298 -0.307212282771 -0.439051289142 3.364702139 15.825
-0.224258728199 -0.377534385136 3.3793323298 -0.294181127759 -0.431731392464 3.36811063752 15.85
-0.220662092796 -0.382751347422 3.3785622878 -0.281667677189 -0.425675549913 3.37092959924 15.875
-0.351474867705 -0.427129602174 3.35721438624 -0.289522897456 -0.426591522358 3.36863880823 15.9
-0.351474867705 -0.427129602174 3.35721438624 -0.296867152159 -0.427397342634 3.36657760058 15.925
-0.327054157713 -0.426168797608 3.36519744026 -0.300109642584 -0.427957921502 3.36650623554 15.95
-0.327054157713 -0.426168797608 3.36519744026 -0.303156172804 -0.428432966677 3.36642579878 15.975
-0.254624911959 -0.357598686114 3.38168642243 -0.295313485837 -0.418700333094 3.36999838773 16.0
-0.254624911959 -0.357598686114 3.38168642243 -0.288122326999 -0.409686933084 3.37312152948 16.025
-0.352335423397 -0.430182363895 3.36834730466 -0.295986255104 -0.41208724938 3.37286487432 16.05
-0.262538357379 -0.355681392619 3.38616359054 -0.290050860684 -0.403310074686 3.37653377585 16.075
-0.245647592537 -0.452287460144 3.37450016335 -0.282140548843 -0.409497622634 3.37711130086 16.1
-0.245647592537 -0.452287460144 3.37450016335 -0.274920873703 -0.415235758035 3.37753815087 16.125
-0.302216220365 -0.364476897468 3.38493120615 -0.276715032386 -0.40757182446 3.38014634972 16.15
-0.310641920905 -0.439897337793 3.37654586171 -0.279725922232 -0.411648665482 3.38049418337 16.175
-0.310641920905 -0.439897337793 3.37654586171 -0.28260646692 -0.415430199865 3.38070245437 16.2
-0.313830511805 -0.369877664417 3.38888565978 -0.285826797551 -0.408585523391 3.38352834631 16.225
-0.313830511805 -0.369877664417 3.38888565978 -0.288878577612 -0.402277878456 3.38591748234 16.25
-0.29714207281 -0.449881544694 3.38075161203 -0.289298191456 -0.408302661315 3.38610208758 16.275
-0.29714207281 -0.449881544694 3.38075161203 -0.289745307592 -0.413896148957 3.3861435169 16.3
-0.29714207281 -0.449881544694 3.38075161203 -0.290214179117 -0.419074329778 3.38606303478 16.325
-0.323240575648 -0.409320351816 3.38645160154 -0.294554342173 -0.417862059337 3.38714583724 16.35
-0.323240575648 -0.409320351816 3.38645160154 -0.298604153533 -0.41673541727 3.38799169753 16.375
-0.313009530624 -0.375326361793 3.39198904714 -0.300860096917 -0.41067017041 3.3898568768 16.4
-0.313009530624 -0.375326361793 3.39198904714 -0.302959678474 -0.405077345339 3.39138864785 16.425
-0.313009530624 -0.375326361793 3.39198904714 -0.304906453857 -0.399937808495 3.39262078585 16.45
-0.313009530624 -0.375326361793 3.39198904714 -0.306704303057 -0.395232433034 3.3935854954 16.475
-0.285731210224 -0.404003998961 3.39173408452 -0.304328234998 -0.395177974772 3.39425676346 16.5
-0.293573901411 -0.379825991929 3.39569234088 -0.303285676068 -0.391616715076 3.39560557511 16.525
-0.305476890049 -0.367071107321 3.39843636696 -0.304077542008 -0.386509975837 3.39728248395 16.55
-0.305476890049 -0.367071107321 3.39843636696 -0.304803855804 -0.381872424227 3.39863633934 16.575
-0.305476890049 -0.367071107321 3.39843636696 -0.305466219608 -0.377681402916 3.39970201716 16.6
-0.27761586582 -0.414797373534 3.39795416105 -0.301951184561 -0.380963871028 3.40040552469 16.625
-0.286545774707 -0.408502564294 3.3999813126 -0.300017076707 -0.383166492128 3.40134802856 16.65
-0.286545774707 -0.408502564294 3.3999813126 -0.29823064125 -0.3852922396 3.40205335857 16.675
-0.269732511387 -0.400095895371 3.40233875584 -0.294101794638 -0.386097110003 3.40307482216 16.7
-0.264188125486 -0.387618550156 3.40850152603 -0.289482873087 -0.385075035996 3.40522163391 16.725
-0.264188125486 -0.387618550156 3.40850152603 -0.285242586262 -0.384207604253 3.40698999077 16.75
-0.272396808502 -0.38132510679 3.41189056114 -0.282576585144 -0.382554029437 3.40917114358 16.775
-0.272396808502 -0.38132510679 3.41189056114 -0.280160799374 -0.381105785827 3.41095849108 16.8
-0.284838891227 -0.398903315068 3.40892373564 -0.279820314133 -0.38244579976 3.41173435981 16.825
-0.284838891227 -0.398903315068 3.40892373564 -0.279560975881 -0.383761314618 3.41227605575 16.85
-0.258058990642 -0.399033276207 3.41828995234 -0.27542073043 -0.385067069265 3.41469413456 16.875
-0.207248588581 -0.374603696132 3.42276165127 -0.264153430089 -0.382729898292 3.41767916692 16.9
-0.207248588581 -0.374603696132 3.42276165127 -0.253832795704 -0.380637027719 3.42016164672 16.925
-0.334835715735 -0.4367407035 3.41093989373 -0.263261765608 -0.387951739056 3.41956668615 16.95
-0.271721373168 -0.432092940007 3.41990523278 -0.262755265272 -0.394076781932 3.4208739154 16.975
-0.271721373168 -0.432092940007 3.41990523278 -0.262383568698 -0.399767739155 3.42187575193 17.0
-0.326507930788 -0.386235525376 3.42812715401 -0.27022776688 -0.398264742682 3.42443456999 17.025
-0.326507930788 -0.386235525376 3.42812715401 -0.277551261749 -0.396885323543 3.42653879402 17.05
-0.298609825771 -0.421504997063 3.4277232259 -0.280248638364 -0.400831673798 3.4281457348 17.075
-0.302290819929 -0.422929811585 3.43172099492 -0.283322542682 -0.40468997072 3.43028789312 17.1
-0.302290819929 -0.422929811585 3.43172099492 -0.286189609434 -0.408243224674 3.43201158572 17.125
-0.302290819929 -0.422929811585 3.43172099492 -0.288854827361 -0.411502330034 3.43336274279 17.15
-0.266534864175 -0.41273934131 3.43624532707 -0.286042155628 -0.412973243373 3.43538904851 17.175
-0.285711477699 -0.437422005612 3.4338832835 -0.286284515734 -0.417936129373 3.43648088161 17.2
-0.264820084206 -0.429536679359 3.4384478066 -0.283431015136 -0.421301886508 3.43828555276 17.225
-0.264820084206 -0.429536679359 3.4384478066 -0.280807400813 -0.424344929358 3.4397063019 17.25
-0.277494365914 -0.411975641777 3.44377734897 -0.280274586555 -0.424486316754 3.44197086586 17.275
-0.277494365914 -0.411975641777 3.44377734897 -0.279803066341 -0.424537949182 3.44379468939 17.3
-0.257804841931 -0.38123451427 3.44900953989 -0.276479888846 -0.419965918378 3.44638781391 17.325
-0.257804841931 -0.38123451427 3.44900953989 -0.273436502938 -0.415673013128 3.44849377687 17.35
-0.285870958271 -0.40371363244 3.4495098714 -0.274804938897 -0.414971714951 3.45027591974 17.375
-0.267165206257 -0.371385427806 3.45544503919 -0.273338938518 -0.409498848542 3.45297661319 17.4
-0.267165206257 -0.371385427806 3.45544503919 -0.272017889562 -0.404405827103 3.45516600384 17.425
-0.24717187884 -0.376816731126 3.4587045701 -0.267880233825 -0.400482108733 3.45762259007 17.45
-0.24717187884 -0.376816731126 3.4587045701 -0.264102062916 -0.396849754141 3.45958706876 17.475
-0.299805967489 -0.416419268608 3.45370046381 -0.268440357505 -0.399347819339 3.46000343485 17.5
-0.269608496666 -0.375958711738 3.459598764 -0.268034699779 -0.395682032305 3.46147826997 17.525
-0.269608496666 -0.375958711738 3.459598764 -0.267702448528 -0.392304400406 3.46258330754 17.55
-0.228709559394 -0.368087740771 3.46371144768 -0.261396480275 -0.388041121607 3.46427854192 17.575
-0.228709559394 -0.368087740771 3.46371144768 -0.255624818737 -0.384134490095 3.4655842319 17.6
-0.228709559394 -0.368087740771 3.46371144768 -0.250362593177 -0.380569434051 3.46654839408 17.625
-0.294989231571 -0.415387106322 3.45778196342 -0.255375103819 -0.384317240426 3.46589974244 17.65
-0.294989231571 -0.415387106322 3.45778196342 -0.260081813242 -0.387829517806 3.46515598051 17.675
-0.294989231571 -0.415387106322 3.45778196342 -0.264489918372 -0.391113430439 3.46434540749 17.7
-0.294989231571 -0.415387106322 3.45778196342 -0.268606928725 -0.394176177531 3.46349325448 17.725
-0.3113372267 -0.451991164797 3.4547737671 -0.274855368244 -0.402431649726 3.46195402913 17.75
-0.260856013783 -0.358225380606 3.46592285676 -0.273183288601 -0.396207540722 3.46297062877 17.775
-0.215840743683 -0.328725742671 3.47922335435 -0.264997830207 -0.386105051547 3.46673148158 17.8
-0.215840743683 -0.328725742671 3.47922335435 -0.257461114384 -0.376803022095 3.46995398723 17.825
-0.215840743683 -0.328725742671 3.47922335435 -0.250544846606 -0.368268116247 3.47268696217 17.85
-0.292116473671 -0.326094802501 3.47465445822 -0.255487382945 -0.360078467806 3.47396265706 17.875
-0.292116473671 -0.326094802501 3.47465445822 -0.260112704897 -0.352619943389 3.47496240784 17.9
-0.292116473671 -0.326094802501 3.47465445822 -0.264429268194 -0.345858287835 3.47571998771 17.925
-0.287226831642 -0.352782248294 3.47046687579 -0.267723586071 -0.343701331316 3.47533736129 17.95
-0.287226831642 -0.352782248294 3.47046687579 -0.270783448404 -0.341864801508 3.47488611066 17.975
-0.280138688626 -0.360223274779 3.47842954748 -0.272568893883 -0.341426830722 3.47615339784 18.0
-0.258686040287 -0.322472694585 3.48456576959 -0.271047410398 -0.335605719295 3.47853673734 18.025
-0.23458408985 -0.362086541079 3.48546898021 -0.266079872922 -0.336248439036 3.48073847121 18.05
-0.307837794807 -0.407487227973 3.47751650049 -0.272319239906 -0.343717737004 3.48080646807 18.075
-0.307837794807 -0.407487227973 3.47751650049 -0.278081697506 -0.350767922221 3.48075769343 18.1
-0.207776449352 -0.34789647643 3.48841837264 -0.26860541779 -0.348604195777 3.48303361839 18.125
-0.268571159867 -0.383043757776 3.48537022854 -0.268824697113 -0.35191660452 3.48426358501 18.15
-0.268571159867 -0.383043757776 3.48537022854 -0.26902792813 -0.355087551981 3.48524300368 18.175
-0.268571159867 -0.383043757776 3.48537022854 -0.269214916398 -0.358114442166 3.48600131696 18.2
-0.237016556501 -0.390186195359 3.48706453659 -0.264724790255 -0.362050283242 3.48694215379 18.225
-0.237016556501 -0.390186195359 3.48706453659 -0.260583229996 -0.36575616528 3.48766943192 18.25
-0.25734189753 -0.311518959552 3.49453076286 -0.25977770659 -0.357615091767 3.48986717921 18.275
-0.25734189753 -0.311518959552 3.49453076286 -0.25905645128 -0.350159441481 3.4917018232 18.3
-0.288807260879 -0.379474933191 3.49035268297 -0.263062172645 -0.353393476617 3.4922820458 18.325
-0.276586368153 -0.337540449848 3.49392790857 -0.264973550877 -0.350267360127 3.49347570117 18.35
-0.276586368153 -0.337540449848 3.49392790857 -0.266747111691 -0.347459817494 3.49441800003 18.375
-0.276586368153 -0.337540449848 3.49392790857 -0.268387341737 -0.344951580028 3.49513848856 18.4
-0.221266477545 -0.349557329619 3.49866649221 -0.261727751528 -0.344498912133 3.49671669875 18.425
-0.221266477545 -0.349557329619 3.49866649221 -0.255583702295 -0.344169779441 3.49799898403 18.45
-0.256581966612 -0.393324440314 3.4917353322 -0.255150224517 -0.350416945323 3.49747913069 18.475
-0.256581966612 -0.393324440314 3.4917353322 -0.254781512079 -0.356258390284 3.49691288319 18.5
-0.268525684866 -0.403358550124 3.49138579794 -0.256237269269 -0.363186066233 3.49623918662 18.525
-0.267428623904 -0.402777424566 3.49272200943 -0.257448856239 -0.369526437268 3.49585635072 18.55
-0.267428623904 -0.402777424566 3.49272200943 -0.258592390839 -0.375387728938 3.49544407508 18.575
-0.249749155855 -0.384207651768 3.49608252711 -0.257057502301 -0.378042974129 3.49576119275 18.6
-0.249749155855 -0.384207651768 3.49608252711 -0.255661073389 -0.38046610136 3.49598244021 18.625
-0.257901535783 -0.405817923911 3.49496570963 -0.255600168365 -0.385857111069 3.49587541022 18.65
-0.257901535783 -0.405817923911 3.49496570963 -0.255569409696 -0.390782586326 3.49573207274 18.675
-0.281588356551 -0.387718581902 3.49702057985 -0.259064485506 -0.392588044037 3.49601913289 18.7
-0.281588356551 -0.387718581902 3.49702057985 -0.26230998309 -0.394175285763 3.49623432075 18.725
-0.26222940408 -0.353533084364 3.50599541391 -0.26245489149 -0.390505745739 3.49838130458 18.75
-0.305998662973 -0.315046455287 3.50573006853 -0.269056002114 -0.38135034648 3.50017751267 18.775
-0.266306982756 -0.27363916117 3.51288821228 -0.269279138568 -0.366717628812 3.50330272301 18.8
-0.266306982756 -0.27363916117 3.51288821228 -0.26946618652 -0.353179324648 3.50599843464 18.825
-0.266306982756 -0.27363916117 3.51288821228 -0.269618825523 -0.340692834668 3.50829935054 18.85
-0.266306982756 -0.27363916117 3.51288821228 -0.269738812964 -0.32921557364 3.51023909837 18.875
-0.299305396644 -0.383058622801 3.49904979192 -0.274702032811 -0.334866901068 3.50877847992 18.9
-0.299305396644 -0.383058622801 3.49904979192 -0.279254768913 -0.340177338228 3.50739347011 18.925
-0.274617750993 -0.273001374525 3.51639213793 -0.279767946847 -0.328899920677 3.50993954222 18.95
-0.274617750993 -0.273001374525 3.51639213793 -0.280190959203 -0.31857250456 3.51210461403 18.975
-0.274617750993 -0.273001374525 3.51639213793 -0.280529607632 -0.30915270138 3.51392238641 19.0
-0.262404432974 -0.367498080204 3.50722922083 -0.278985671798 -0.31455606261 3.51339137799 19.025
-0.262404432974 -0.367498080204 3.50722922083 -0.277510034464 -0.319690389239 3.51282348419 19.05
-0.257551583261 -0.31618038421 3.51467016502 -0.275385756562 -0.316978647256 3.513884109 19.075
-0.257551583261 -0.31618038421 3.51467016502 -0.273385492721 -0.31459734196 3.51473341165 19.1
-0.285823128046 -0.340993328154 3.5111701965 -0.27568247005 -0.316190965229 3.51461841443 19.125
-0.285823128046 -0.340993328154 3.5111701965 -0.277771167895 -0.317787512408 3.51443282109 19.15
-0.278186876489 -0.353306782286 3.51142248171 -0.278534074542 -0.321197797186 3.51424761512 19.175
-0.278186876489 -0.353306782286 3.51142248171 -0.27919766631 -0.324453210243 3.51401357518 19.2
-0.294577342986 -0.315003946457 3.51776590335 -0.282189435169 -0.321895022228 3.51515137935 19.225
-0.294577342986 -0.315003946457 3.51776590335 -0.284905271322 -0.319622984476 3.51609330961 19.25
-0.241769850398 -0.27694440886 3.52190979615 -0.279559103036 -0.31199729948 3.51778019631 19.275
-0.241769850398 -0.27694440886 3.52190979615 -0.274575189293 -0.305061977947 3.51920027262 19.3
-0.241769850398 -0.27694440886 3.52190979615 -0.26994218993 -0.298781985995 3.52037921784 19.325
-0.254109677981 -0.378858865577 3.51122389659 -0.267471232456 -0.308176227644 3.51896950596 19.35
-0.302766661456 -0.437673357317 3.49924029333 -0.27237217567 -0.325666383214 3.51499421238 19.375
-0.302766661456 -0.437673357317 3.49924029333 -0.276889425426 -0.34189992665 3.51143954636 19.4
-0.302766661456 -0.437673357317 3.49924029333 -0.281039619995 -0.356919901393 3.50828666498 19.425
-0.350758309746 -0.383819134947 3.50722174972 -0.291927885125 -0.362815353626 3.50728722011 19.45
-0.31871268126 -0.348401135243 3.51439812975 -0.297193669299 -0.362976263361 3.50802641375 19.475
-0.258356713992 -0.318728618123 3.52039444889 -0.293064595864 -0.358680082762 3.51004095947 19.5
-0.258356713992 -0.318728618123 3.52039444889 -0.289176856983 -0.35465574739 3.51184211534 19.525
-0.297834824423 -0.344543611525 3.51594104172 -0.29135639032 -0.354705736618 3.51245509718 19.55
-0.297834824423 -0.344543611525 3.51594104172 -0.293310152176 -0.354708315518 3.51300171449 19.575
-0.251444761158 -0.263305782195 3.52809761154 -0.288198940598 -0.342666349886 3.51618548468 19.6
-0.251444761158 -0.263305782195 3.52809761154 -0.28342382109 -0.331520804761 3.518985212 19.625
-0.251444761158 -0.263305782195 3.52809761154 -0.278975293116 -0.321235996851 3.52142658135 19.65
-0.327288804344 -0.368021575881 3.51597866286 -0.286046202871 -0.327243562977 3.52084493553 19.675
-0.327288804344 -0.368021575881 3.51597866286 -0.292546996092 -0.332830305009 3.52028194442 19.7
-0.252152311294 -0.295196689199 3.52944367683 -0.287404975947 -0.327253692626 3.52272996441 19.725
-0.234330908916 -0.281131164701 3.5326108529 -0.27997978303 -0.320049131146 3.52554342132 19.75
-0.281578811363 -0.31079451316 3.52805941461 -0.28007808223 -0.317818438459 3.52694975201 19.775
-0.356297690472 -0.327827701378 3.52402698859 -0.291192071062 -0.318326831215 3.52721788602 19.8
-0.356297690472 -0.327827701378 3.52402698859 -0.301424284383 -0.318849354752 3.52737409188 19.825
-0.352761060062 -0.382274710742 3.51848414252 -0.310290134783 -0.327424262868 3.52620282479 19.85
-0.352761060062 -0.382274710742 3.51848414252 -0.318390439857 -0.335376214769 3.52509782745 19.875
-0.243765333953 -0.279809166045 3.53984935238 -0.309661487566 -0.327592601711 3.52880507094 19.9
-0.243765333953 -0.279809166045 3.53984935238 -0.301498095908 -0.320415252566 3.53200904918 19.925
-0.370050507459 -0.291888667214 3.53204486408 -0.312536994824 -0.315602685477 3.53301643798 19.95
-0.370050507459 -0.291888667214 3.53204486408 -0.322648337387 -0.311205520335 3.53380801969 19.975
