-0.260421035054 -0.0842353003821 0.321883214627 -0.260421035054 -0.0842353003821 0.321883214627 0.0
-0.260421035054 -0.0842353003821 0.321883214627 -0.260421035054 -0.0842353003821 0.321883214627 0.025
-0.271935874388 -0.112632296804 0.313916070372 -0.264460934135 -0.0941981836169 0.315300649163 0.05
-0.271935874388 -0.112632296804 0.313916070372 -0.266808151041 -0.0999867064221 0.313147259497 0.075
-0.271935874388 -0.112632296804 0.313916070372 -0.268512920445 -0.104190875429 0.312407544798 0.1
-0.276222703448 -0.116172590282 0.333730736543 -0.270988885029 -0.10844804663 0.323602969504 0.125
-0.278923925681 -0.118029120715 0.346844416069 -0.273726093804 -0.112373735428 0.337829177687 0.15
-0.278923925681 -0.118029120715 0.346844416069 -0.275956396293 -0.115500064229 0.346597615934 0.175
-0.278923925681 -0.118029120715 0.346844416069 -0.277718388949 -0.117908497482 0.351264033047 0.2
-0.28115217131 -0.120684309523 0.361092722741 -0.279643802312 -0.120388736586 0.360803666483 0.225
-0.28115217131 -0.120684309523 0.361092722741 -0.281129083794 -0.122254991333 0.365857072734 0.25
-0.28115217131 -0.120684309523 0.361092722741 -0.282252855543 -0.12362790012 0.36803460216 0.275
-0.284066647661 -0.122871480087 0.376757494133 -0.283783798214 -0.125136807457 0.376249794643 0.3
-0.284066647661 -0.122871480087 0.376757494133 -0.284969495481 -0.126258720936 0.380888032242 0.325
-0.289707214789 -0.128157669721 0.404503320746 -0.28713834772 -0.128257379678 0.395822820282 0.35
-0.289707214789 -0.128157669721 0.404503320746 -0.288880057648 -0.129824046297 0.405332277575 0.375
-0.289707214789 -0.128157669721 0.404503320746 -0.29027246958 -0.13104044298 0.41114612575 0.4
-0.291588084742 -0.131077900019 0.419652967602 -0.291760605454 -0.1325648803 0.420510091224 0.425
-0.291588084742 -0.131077900019 0.419652967602 -0.292955798707 -0.133767391346 0.426496562477 0.45
-0.291588084742 -0.131077900019 0.419652967602 -0.29390565356 -0.134700660668 0.430108646663 0.475
-0.294620127328 -0.134037674409 0.439962796038 -0.295221063159 -0.135965804029 0.439273845548 0.5
-0.294620127328 -0.134037674409 0.439962796038 -0.296285898441 -0.136965149675 0.445498901522 0.525
-0.298636955898 -0.138818312842 0.459067154252 -0.297868744308 -0.138609314657 0.455884047308 0.55
-0.298636955898 -0.138818312842 0.459067154252 -0.299177596317 -0.139952518545 0.463238037359 0.575
-0.298636955898 -0.138818312842 0.459067154252 -0.300244928378 -0.141030993205 0.468295785801 0.6
-0.300700397121 -0.142689531443 0.473555895907 -0.301465009034 -0.142564103939 0.475963622405 0.625
-0.300700397121 -0.142689531443 0.473555895907 -0.302456167163 -0.143818610628 0.481416967398 0.65
-0.302871622115 -0.145410686658 0.492704749481 -0.30362580842 -0.145304674453 0.490583760017 0.675
-0.302871622115 -0.145410686658 0.492704749481 -0.304573900914 -0.1465203919 0.497373783494 0.7
-0.302871622115 -0.145410686658 0.492704749481 -0.305322176535 -0.147492325605 0.502271013538 0.725
-0.305193541391 -0.149214088631 0.511938954805 -0.306301451211 -0.148917584718 0.510725418404 0.75
-0.305193541391 -0.149214088631 0.511938954805 -0.307081967515 -0.150083919237 0.517093917653 0.775
-0.305193541391 -0.149214088631 0.511938954805 -0.307683890406 -0.151016314461 0.521759882718 0.8
-0.307980716524 -0.1530644468 0.527068167224 -0.308620721776 -0.152421351557 0.528787631059 0.825
-0.310613329237 -0.154544668475 0.549242092244 -0.309836937932 -0.15383730727 0.539493385012 0.85
-0.310613329237 -0.154544668475 0.549242092244 -0.310840844678 -0.155001432029 0.547925665218 0.875
-0.311918878027 -0.156295498215 0.559602633267 -0.311884386717 -0.156248711887 0.556897568853 0.9
-0.311918878027 -0.156295498215 0.559602633267 -0.312734177037 -0.157263315281 0.563888953154 0.925
-0.311918878027 -0.156295498215 0.559602633267 -0.313410661465 -0.158069893174 0.569192591901 0.95
-0.314851805137 -0.159472785014 0.578409999559 -0.314448249845 -0.159249755825 0.577382872178 0.975
-0.314851805137 -0.159472785014 0.578409999559 -0.315299250675 -0.16021180921 0.58376014566 1.0
-0.316866524046 -0.162131798502 0.59547634193 -0.316334267063 -0.161442476295 0.592444661331 1.025
-0.316866524046 -0.162131798502 0.59547634193 -0.317186653347 -0.162455273336 0.59927399909 1.05
-0.316866524046 -0.162131798502 0.59547634193 -0.31787629645 -0.163273997347 0.604487513422 1.075
-0.3187516006 -0.164023023166 0.613862750681 -0.318743800486 -0.16424393872 0.612420200989 1.1
-0.3187516006 -0.164023023166 0.613862750681 -0.319451930171 -0.165030056086 0.618623465789 1.125
-0.3187516006 -0.164023023166 0.613862750681 -0.320018643108 -0.165653375797 0.623312804077 1.15
-0.3187516006 -0.164023023166 0.613862750681 -0.320460427863 -0.166133172594 0.626684764581 1.175
-0.322037688266 -0.168846243982 0.641336198813 -0.321337962957 -0.167287872802 0.635042557649 1.2
-0.322037688266 -0.168846243982 0.641336198813 -0.322065570869 -0.1682537122 0.641678731373 1.225
-0.324034519418 -0.167657954092 0.656765622039 -0.322986290173 -0.168856560853 0.650233710099 1.25
-0.324034519418 -0.167657954092 0.656765622039 -0.323756705392 -0.169328176414 0.657041813955 1.275
-0.324034519418 -0.167657954092 0.656765622039 -0.324392768261 -0.169683989394 0.662307196031 1.3
-0.326676952295 -0.172543038819 0.680699573359 -0.325332078147 -0.170720087009 0.671550187134 1.325
-0.326937025883 -0.175948835453 0.69045259343 -0.326166249386 -0.17213479365 0.681142022156 1.35
-0.326937025883 -0.175948835453 0.69045259343 -0.326865025787 -0.173352837342 0.688854017237 1.375
-0.326937025883 -0.175948835453 0.69045259343 -0.327442324749 -0.17439329009 0.694898466732 1.4
-0.326937025883 -0.175948835453 0.69045259343 -0.327910826536 -0.175273565818 0.699475228398 1.425
-0.329831042053 -0.180731291288 0.707082964192 -0.328731174607 -0.176751695805 0.706473483768 1.45
-0.33215310498 -0.183833713831 0.719782559321 -0.329783031798 -0.178512493144 0.714740768961 1.475
-0.33215310498 -0.183833713831 0.719782559321 -0.330688573301 -0.180052456136 0.721297195814 1.5
-0.33215310498 -0.183833713831 0.719782559321 -0.331461265828 -0.181390783247 0.726343995573 1.525
-0.333385432735 -0.187533411014 0.744291539646 -0.332301099781 -0.183108427102 0.735520724196 1.55
-0.333385432735 -0.187533411014 0.744291539646 -0.333015651727 -0.184609830237 0.742887149511 1.575
-0.333385432735 -0.187533411014 0.744291539646 -0.333616383168 -0.185912974557 0.748649969891 1.6
-0.333385432735 -0.187533411014 0.744291539646 -0.334113868971 -0.187034472481 0.753003059889 1.625
-0.336942847117 -0.190133699359 0.761979609595 -0.33505241814 -0.18838042628 0.760057971309 1.65
-0.336942847117 -0.190133699359 0.761979609595 -0.335862158053 -0.189541956757 0.765573948042 1.675
-0.336942847117 -0.190133699359 0.761979609595 -0.336554000413 -0.190534199879 0.76973826684 1.7
-0.337442738179 -0.192261201895 0.786536412857 -0.337212725347 -0.19168887327 0.778179671374 1.725
-0.337442738179 -0.192261201895 0.786536412857 -0.337767118544 -0.192675775191 0.784942992821 1.75
-0.339908237543 -0.191293484233 0.796269686369 -0.338593291187 -0.193364638189 0.792382939429 1.775
-0.339908237543 -0.191293484233 0.796269686369 -0.339303380006 -0.193924017486 0.798256675498 1.8
-0.339908237543 -0.191293484233 0.796269686369 -0.339906914961 -0.194365543415 0.802750344829 1.825
-0.339908237543 -0.191293484233 0.796269686369 -0.34041287142 -0.194700194683 0.80603802332 1.85
-0.341298702656 -0.193567597525 0.82362842367 -0.341035911573 -0.195275576133 0.81435552328 1.875
-0.341298702656 -0.193567597525 0.82362842367 -0.3415614835 -0.195737508412 0.821041820707 1.9
-0.341298702656 -0.193567597525 0.82362842367 -0.341997877861 -0.196096448202 0.826283398832 1.925
-0.342290730149 -0.192960838068 0.846912990476 -0.342499881232 -0.196272425047 0.835424074752 1.95
-0.342290730149 -0.192960838068 0.846912990476 -0.342916420714 -0.196371758302 0.842830543718 1.975
-0.342290730149 -0.192960838068 0.846912990476 -0.343255038539 -0.196402999569 0.848695290565 2.0
-0.344084826854 -0.195645592573 0.863808987976 -0.343788495004 -0.196771671224 0.856950130937 2.025
-0.344084826854 -0.195645592573 0.863808987976 -0.344237100828 -0.197056667417 0.863558607129 2.05
-0.348772895382 -0.196163289864 0.87981635578 -0.34530211424 -0.197343029424 0.87226199136 2.075
-0.348772895382 -0.196163289864 0.87981635578 -0.346242023152 -0.197556043196 0.879251793749 2.1
-0.348772895382 -0.196163289864 0.87981635578 -0.34706563921 -0.197703430907 0.884721005254 2.125
-0.349942155772 -0.198543841169 0.895630239207 -0.347954503346 -0.198144847451 0.892361730418 2.15
-0.350653728532 -0.198018764117 0.910084984904 -0.348835404522 -0.198429370557 0.901616175561 2.175
-0.350653728532 -0.198018764117 0.910084984904 -0.349603083568 -0.198648353373 0.909072265469 2.2
-0.350653728532 -0.198018764117 0.910084984904 -0.350265882293 -0.198808658346 0.914930040757 2.225
-0.351277099404 -0.197093454857 0.929185959471 -0.350924085208 -0.198779775907 0.92361810456 2.25
-0.351151580444 -0.198672135942 0.938899301108 -0.351467288506 -0.198949140316 0.932714602316 2.275
-0.351151580444 -0.198672135942 0.938899301108 -0.351923187454 -0.199069967802 0.940000098115 2.3
-0.351151580444 -0.198672135942 0.938899301108 -0.352299056795 -0.199147854708 0.945678358745 2.325
-0.355453018194 -0.201266616008 0.949695531087 -0.353238410739 -0.19957198354 0.952337852293 2.35
-0.355453018194 -0.201266616008 0.949695531087 -0.354061322179 -0.199933121045 0.957471123066 2.375
-0.355453018194 -0.201266616008 0.949695531087 -0.35477614727 -0.200237032097 0.961265078191 2.4
-0.357334430787 -0.202586867523 0.967540406527 -0.355669281378 -0.200684482099 0.967855712582 2.425
-0.357334430787 -0.202586867523 0.967540406527 -0.35644822491 -0.201069907237 0.972963862221 2.45
-0.357334430787 -0.202586867523 0.967540406527 -0.35712127931 -0.201398737238 0.976771496216 2.475
-0.35394243784 -0.199653114006 0.988030962978 -0.357194729503 -0.201242177763 0.983996926863 2.5
-0.35394243784 -0.199653114006 0.988030962978 -0.357217335256 -0.201073059007 0.989697667334 2.525
-0.352545408221 -0.202690843034 1.0065997071 -0.35698823097 -0.201343732885 0.998177356752 2.55
-0.352545408221 -0.202690843034 1.0065997071 -0.356735628018 -0.201572597711 1.00498398485 2.575
-0.352545408221 -0.202690843034 1.0065997071 -0.35646395007 -0.201763717108 1.01030831725 2.6
-0.355962636638 -0.204356964578 1.0209148509 -0.356682489792 -0.202167206526 1.017506977 2.625
-0.355962636638 -0.204356964578 1.0209148509 -0.356850244027 -0.202520995944 1.02318409383 2.65
-0.359511458881 -0.205930707859 1.04327137884 -0.357496903545 -0.203061819417 1.03248295155 2.675
-0.359511458881 -0.205930707859 1.04327137884 -0.358061645374 -0.203542718354 1.04000782859 2.7
-0.359511458881 -0.205930707859 1.04327137884 -0.35855073776 -0.203968120329 1.04595540504 2.725
-0.359677004179 -0.20549993457 1.05810915595 -0.35899462819 -0.204278581612 1.05380438777 2.75
-0.356622202432 -0.206581452636 1.07193337917 -0.358921249098 -0.204706566151 1.06310358113 2.775
-0.356622202432 -0.206581452636 1.07193337917 -0.35882288567 -0.20508333775 1.07059984674 2.8
-0.356405853429 -0.201918220742 1.09178291743 -0.358671362786 -0.204723826646 1.08089970631 2.825
-0.356405853429 -0.201918220742 1.09178291743 -0.358504681944 -0.204374743388 1.08925115321 2.85
-0.361745420953 -0.208058220726 1.10344391338 -0.359114875469 -0.20494453301 1.09845443161 2.875
-0.361745420953 -0.208058220726 1.10344391338 -0.359654219705 -0.205456185357 1.10580699358 2.9
-0.361745420953 -0.208058220726 1.10344391338 -0.360127935504 -0.205913604169 1.11151738685 2.925
-0.36393059213 -0.209050329358 1.12233793202 -0.360863813368 -0.206467087061 1.11997607674 2.95
-0.36393059213 -0.209050329358 1.12233793202 -0.361518520041 -0.206962172655 1.12666444134 2.975
-0.36393059213 -0.209050329358 1.12233793202 -0.362097616755 -0.207402750099 1.13178766001 3.0
-0.366256207701 -0.208054509151 1.13359565917 -0.362949981976 -0.207645453703 1.13803749412 3.025
-0.366256207701 -0.208054509151 1.13359565917 -0.363710302469 -0.20785248982 1.14279219826 3.05
-0.359563111204 -0.212313262893 1.15067027079 -0.36339590071 -0.208655919824 1.15002953792 3.075
-0.364881762378 -0.214870431901 1.15973716093 -0.363864311757 -0.209757965865 1.15768717881 3.1
-0.364881762378 -0.214870431901 1.15973716093 -0.364270808467 -0.210756016751 1.16370079885 3.125
-0.364881762378 -0.214870431901 1.15973716093 -0.364620124616 -0.211655834151 1.16826635697 3.15
-0.364881762378 -0.214870431901 1.15973716093 -0.364916791035 -0.212463039785 1.17156737802 3.175
-0.364274219963 -0.224872214991 1.17383675167 -0.365075394841 -0.214660530843 1.17690465736 3.2
-0.364274219963 -0.224872214991 1.17383675167 -0.365196836792 -0.216660578293 1.18092729914 3.225
-0.364002846618 -0.222137936144 1.190564362 -0.36524468129 -0.21806919601 1.18751937698 3.25
-0.364002846618 -0.222137936144 1.190564362 -0.365265609464 -0.219331654134 1.19267596697 3.275
-0.36663843231 -0.219808764252 1.20681359926 -0.365652076303 -0.220112212906 1.20017990543 3.3
-0.36663843231 -0.219808764252 1.20681359926 -0.365987241724 -0.220790009116 1.20615054233 3.325
-0.36663843231 -0.219808764252 1.20681359926 -0.366275114991 -0.221371922708 1.21076848399 3.35
-0.370286984284 -0.22267526144 1.21935855979 -0.367058470122 -0.222288076527 1.21698725308 3.375
-0.370286984284 -0.22267526144 1.21935855979 -0.367759822383 -0.223088407976 1.22184152223 3.4
-0.370286984284 -0.22267526144 1.21935855979 -0.368384365784 -0.223780577163 1.22549902811 3.425
-0.367667033619 -0.219554941628 1.23991991995 -0.368550116674 -0.223911121245 1.23268015222 3.45
-0.367328108915 -0.217187356469 1.25658206709 -0.368629159751 -0.223634550224 1.24211044071 3.475
-0.367328108915 -0.217187356469 1.25658206709 -0.368678921346 -0.223333512033 1.24981226408 3.5
-0.369305613956 -0.222789784249 1.26480167283 -0.368994619138 -0.223839760116 1.25779804824 3.525
-0.369305613956 -0.222789784249 1.26480167283 -0.369264227677 -0.224264922867 1.26419876793 3.55
-0.371354943686 -0.21649690884 1.27992794278 -0.369794169177 -0.223685829931 1.27255240122 3.575
-0.371354943686 -0.21649690884 1.27992794278 -0.370261580016 -0.223110909879 1.27926325002 3.6
-0.37300692235 -0.216991893972 1.28877237873 -0.370914824478 -0.222616192896 1.28647947679 3.625
-0.37300692235 -0.216991893972 1.28877237873 -0.3714949691 -0.222125510167 1.29217357839 3.65
-0.364684232175 -0.218183857269 1.306070003 -0.370777464295 -0.221817586496 1.30036359901 3.675
-0.364684232175 -0.218183857269 1.306070003 -0.370092539185 -0.221504989851 1.30691134717 3.7
-0.364684232175 -0.218183857269 1.306070003 -0.369440752296 -0.221190459988 1.31200344278 3.725
-0.36742276783 -0.219878453778 1.32851600809 -0.369227011754 -0.221126810762 1.32079776893 3.75
-0.36742276783 -0.219878453778 1.32851600809 -0.369015388693 -0.221046416416 1.32787154461 3.775
-0.367116537343 -0.219506633588 1.3393773407 -0.368762033701 -0.220897208421 1.33582806884 3.8
-0.367116537343 -0.219506633588 1.3393773407 -0.368516957329 -0.220741043434 1.34214497531 3.825
-0.373185400486 -0.224655583764 1.35441873067 -0.369177531809 -0.221340715626 1.350349893 3.85
-0.373185400486 -0.224655583764 1.35441873067 -0.369777979972 -0.221878197353 1.35687632672 3.875
-0.373185400486 -0.224655583764 1.35441873067 -0.37032184631 -0.22235776915 1.36191669097 3.9
-0.369154049787 -0.21923023784 1.37385354911 -0.370217088869 -0.221982158452 1.36996589416 3.925
-0.369154049787 -0.21923023784 1.37385354911 -0.370109076856 -0.221619367368 1.3763557165 3.95
-0.373916190173 -0.21906021647 1.39086643558 -0.370702491909 -0.221245457746 1.38505428448 3.975
-0.373916190173 -0.21906021647 1.39086643558 -0.37124003715 -0.220888512914 1.39200696379 4.0
-0.373916190173 -0.21906021647 1.39086643558 -0.371725010975 -0.220549292472 1.39741194036 4.025
-0.377752768749 -0.22615483781 1.40453738627 -0.372727292308 -0.221276321968 1.40449023308 4.05
-0.377752768749 -0.22615483781 1.40453738627 -0.373638919579 -0.22194010368 1.41001361752 4.075
-0.377752768749 -0.22615483781 1.40453738627 -0.374464681378 -0.222544291106 1.41416884575 4.1
-0.377752768749 -0.22615483781 1.40453738627 -0.375209262651 -0.223092402419 1.41713084159 4.125
-0.369802031231 -0.216487291917 1.43106846043 -0.37470286911 -0.222159867608 1.4249517922 4.15
-0.369802031231 -0.216487291917 1.43106846043 -0.374216275186 -0.221289682851 1.43117891911 4.175
-0.369802031231 -0.216487291917 1.43106846043 -0.373750102475 -0.220480436827 1.43599800229 4.2
-0.37067429552 -0.230116766972 1.44821627099 -0.373433703249 -0.221743763088 1.44338942452 4.225
-0.37067429552 -0.230116766972 1.44821627099 -0.373128558935 -0.222907287673 1.44924723576 4.25
-0.3701611949 -0.226077872804 1.46696375224 -0.37275959062 -0.223379126129 1.45791357456 4.275
-0.3701611949 -0.226077872804 1.46696375224 -0.372409123127 -0.223807134862 1.4648910995 4.3
-0.3701611949 -0.226077872804 1.46696375224 -0.372077416703 -0.224193909104 1.4703702597 4.325
-0.374339320871 -0.231993405138 1.47974455371 -0.37238176799 -0.225415716575 1.47736700935 4.35
-0.374339320871 -0.231993405138 1.47974455371 -0.37265680135 -0.226532822499 1.48286754933 4.375
-0.373783371346 -0.231432683834 1.49613595843 -0.372822342809 -0.22746752687 1.49068871882 4.4
-0.373783371346 -0.231432683834 1.49613595843 -0.372968793364 -0.228314172041 1.49691745618 4.425
-0.370002258553 -0.226507736487 1.51011531851 -0.372539169292 -0.228349999796 1.50484101633 4.45
-0.370002258553 -0.226507736487 1.51011531851 -0.372137110555 -0.228363995851 1.51115258882 4.475
-0.370002258553 -0.226507736487 1.51011531851 -0.371762188285 -0.228358348551 1.51603809411 4.5
-0.376077520258 -0.227971957705 1.52988051165 -0.372311254134 -0.228551427446 1.5240593743 4.525
-0.373576903276 -0.22182066137 1.56134031223 -0.37244678455 -0.227803443244 1.5374428551 4.55
-0.373576903276 -0.22182066137 1.56134031223 -0.372569272285 -0.227096692045 1.5485439417 4.575
-0.373576903276 -0.22182066137 1.56134031223 -0.372679702377 -0.22643076907 1.55759241354 4.6
-0.371962918082 -0.227791289967 1.59692001263 -0.372540606042 -0.226687070178 1.5727042076 4.625
-0.371962918082 -0.227791289967 1.59692001263 -0.37240991128 -0.226914065245 1.58522961081 4.65
-0.366350262564 -0.219172790096 1.62675728665 -0.371458653385 -0.225840865646 1.60204854677 4.675
-0.366350262564 -0.219172790096 1.62675728665 -0.370580758747 -0.224842146818 1.61597889687 4.7
-0.371692780241 -0.23913380898 1.64168277746 -0.370562671048 -0.226864149865 1.6306182456 4.725
-0.364691586597 -0.240526827577 1.65875721802 -0.369516658536 -0.228931271393 1.64631321877 4.75
-0.364691586597 -0.240526827577 1.65875721802 -0.368557546933 -0.230828758776 1.65909835554 4.775
-0.384686073622 -0.242038259406 1.67506762376 -0.370635077261 -0.232787546714 1.672894843 4.8
-0.384686073622 -0.242038259406 1.67506762376 -0.372561178551 -0.234574518929 1.68392930555 4.825
-0.371389855985 -0.237719821738 1.70478387645 -0.372377727995 -0.235560049826 1.69909813801 4.85
-0.371389855985 -0.237719821738 1.70478387645 -0.372208182133 -0.236440072006 1.71128945662 4.875
-0.368458969721 -0.235219434875 1.73184093355 -0.371619151973 -0.236851275706 1.72683015943 4.9
-0.368458969721 -0.235219434875 1.73184093355 -0.371076943299 -0.237197799242 1.73929000952 4.925
-0.368458969721 -0.235219434875 1.73184093355 -0.37057967573 -0.237484257855 1.7490041098 4.95
-0.368458969721 -0.235219434875 1.73184093355 -0.370125461311 -0.237715144579 1.75629023796 4.975
-0.373557125841 -0.246498989628 1.75317264889 -0.370465435924 -0.239560881555 1.76618335995 5.0
-0.373557125841 -0.246498989628 1.75317264889 -0.370785733142 -0.241229225518 1.77365536786 5.025
-0.373557125841 -0.246498989628 1.75317264889 -0.371086861933 -0.242729572407 1.77900661278 5.05
-0.381180064292 -0.251795185956 1.80888940384 -0.37249529019 -0.2448534462 1.79488604029 5.075
-0.381180064292 -0.251795185956 1.80888940384 -0.373797450126 -0.246766415393 1.80768721559 5.1
-0.381180064292 -0.251795185956 1.80888940384 -0.374997461209 -0.248479883984 1.81775054829 5.125
-0.351908020777 -0.213637206724 1.851004877 -0.371775791691 -0.244368905816 1.83474549003 5.15
-0.351908020777 -0.213637206724 1.851004877 -0.368798664127 -0.240521834877 1.84849035754 5.175
-0.363810299954 -0.244420502349 1.86009997782 -0.367814459919 -0.241478382379 1.86135939556 5.2
-0.363810299954 -0.244420502349 1.86009997782 -0.366917875793 -0.242328377428 1.87142427785 5.225
-0.363810299954 -0.244420502349 1.86009997782 -0.366104871674 -0.243078716775 1.87901647264 5.25
-0.3689341886 -0.251812901947 1.89926475276 -0.366128250307 -0.244827979341 1.89314067131 5.275
-0.3689341886 -0.251812901947 1.89926475276 -0.366167935671 -0.246405250544 1.90433903332 5.3
-0.3689341886 -0.251812901947 1.89926475276 -0.366222363567 -0.247820246359 1.91295038725 5.325
-0.345686409123 -0.247809044709 1.92728423816 -0.362856167024 -0.248491063245 1.92551253631 5.35
-0.345686409123 -0.247809044709 1.92728423816 -0.359770478129 -0.249064646696 1.93534867301 5.375
-0.345686409123 -0.247809044709 1.92728423816 -0.356952904557 -0.24954813558 1.94278476731 5.4
-0.376478788229 -0.273346577215 1.95965118121 -0.358939332681 -0.253720476247 1.95531063329 5.425
-0.376478788229 -0.273346577215 1.95965118121 -0.360813268698 -0.257521017639 1.9651542514 5.45
-0.376478788229 -0.273346577215 1.95965118121 -0.36257704291 -0.260968191986 1.97263614091 5.475
-0.361403601803 -0.249709392965 1.99526819663 -0.362006387872 -0.260588815305 1.98596218095 5.5
-0.361403601803 -0.249709392965 1.99526819663 -0.361504829078 -0.2601654237 1.99654616055 5.525
-0.38357818891 -0.204506644722 2.02982126553 -0.364343232428 -0.253027768102 2.01237903107 5.55
-0.38357818891 -0.204506644722 2.02982126553 -0.366985564445 -0.24638135149 2.02516083427 5.575
-0.373332710765 -0.131760962969 2.06427671967 -0.367924734332 -0.229465753088 2.0428805699 5.6
-0.373332710765 -0.131760962969 2.06427671967 -0.368798863526 -0.213851253053 2.05728238597 5.625
-0.373332710765 -0.131760962969 2.06427671967 -0.369609588542 -0.199487526278 2.06872685464 5.65
-0.419335923252 -0.286397161163 2.05823271841 -0.377153608101 -0.209164689066 2.07621266863 5.675
-0.419335923252 -0.286397161163 2.05823271841 -0.38410594501 -0.21820340351 2.08156417067 5.7
-0.432356376166 -0.338949643687 2.0852692432 -0.39241341112 -0.234387916849 2.09107152196 5.725
-0.285492225429 -0.175629713754 2.14849556399 -0.378333230067 -0.225246824053 2.11230755435 5.75
-0.285492225429 -0.175629713754 2.14849556399 -0.365285977582 -0.21683827719 2.12982915391 5.775
-0.131380331739 -0.0998418332041 2.19197669988 -0.330469080238 -0.197937548848 2.15367268631 5.8
-0.131380331739 -0.0998418332041 2.19197669988 -0.29838826593 -0.180584803066 2.17337933929 5.825
-0.0729793809935 -0.0944064553834 2.20569311747 -0.260305451276 -0.163911141964 2.19241337453 5.85
-0.0729793809935 -0.0944064553834 2.20569311747 -0.225410178288 -0.148716286869 2.20775931313 5.875
-0.0729793809935 -0.0944064553834 2.20569311747 -0.193563261374 -0.13493190024 2.21981865782 5.9
-0.112058543728 0.00437523321797 2.22965404565 -0.170398061833 -0.107899272324 2.23428993808 5.925
-0.112058543728 0.00437523321797 2.22965404565 -0.149552170608 -0.0832834704394 2.24556681691 5.95
-0.257778737816 -0.0420154465808 2.24481633234 -0.152430114381 -0.0678230000662 2.25739229647 5.975
-0.257778737816 -0.0420154465808 2.24481633234 -0.155705106785 -0.0540163214139 2.26634702888 6.0
-0.257778737816 -0.0420154465808 2.24481633234 -0.159328725728 -0.0417731333884 2.27278938689 6.025
-0.257778737816 -0.0420154465808 2.24481633234 -0.163253963513 -0.0310041643852 2.27705466748 6.05
-0.420193185632 -0.524545425419 2.19332231398 -0.191425015245 -0.092893953175 2.26802485208 6.075
-0.114059378607 -0.815906160929 2.10250619148 -0.172713067179 -0.193540155228 2.2386481743 6.1
-0.114059378607 -0.815906160929 2.10250619148 -0.155910136884 -0.286680650873 2.211706463 6.125
-0.155094648506 0.0728274103752 2.32954752975 -0.146969961049 -0.241325227951 2.23759122305 6.15
-0.155094648506 0.0728274103752 2.32954752975 -0.139251631355 -0.199303060012 2.25976129465 6.175
-0.153445167176 0.0590274649965 2.35495203547 -0.132427735799 -0.162517780039 2.28420448419 6.2
-0.153445167176 0.0590274649965 2.35495203547 -0.126679525775 -0.128638006714 2.30492643395 6.225
-0.169823174696 -0.0489630848086 2.3920833033 -0.124346315201 -0.113488729225 2.33052396736 6.25
-0.169823174696 -0.0489630848086 2.3920833033 -0.122742314492 -0.0997457815768 2.35209095654 6.275
-0.169823174696 -0.0489630848086 2.3920833033 -0.121800540423 -0.0873364066708 2.37001059435 6.3
-0.189492046924 -0.706264574628 2.28117525132 -0.12436190218 -0.173276425291 2.36002981683 6.325
-0.189492046924 -0.706264574628 2.28117525132 -0.127232228824 -0.252808606533 2.35010267195 6.35
-0.189492046924 -0.706264574628 2.28117525132 -0.130362030387 -0.32617353571 2.34036460827 6.375
-0.0839284221385 -0.120529193922 2.43405273389 -0.11811226695 -0.307096346031 2.36486708859 6.4
-0.0839284221385 -0.120529193922 2.43405273389 -0.107252013362 -0.289108563741 2.38565560128 6.425
-0.0617063211462 0.00513148076862 2.47077048784 -0.0944082661112 -0.253616983071 2.41122893527 6.45
-0.0617063211462 0.00513148076862 2.47077048784 -0.0830325022899 -0.220603459079 2.43277888794 6.475
-0.299997739499 0.0712108915945 2.4680374213 -0.108226449982 -0.180216982063 2.45007737486 6.5
-0.177712525714 0.0130792158826 2.49895335926 -0.113883295487 -0.151477805681 2.47102866016 6.525
-0.177712525714 0.0130792158826 2.49895335926 -0.119501903881 -0.125005996696 2.48827673393 6.55
-0.177712525714 0.0130792158826 2.49895335926 -0.125050386757 -0.10070765427 2.50219741017 6.575
-0.248860516466 -0.836908801108 2.32212893904 -0.141008750876 -0.204037433606 2.47389878409 6.6
-0.111240066735 -0.0294482617043 2.53744768075 -0.135691926429 -0.180259465701 2.49552919505 6.625
-0.111240066735 -0.0294482617043 2.53744768075 -0.13102859381 -0.158283434422 2.5135042038 6.65
-0.111240066735 -0.0294482617043 2.53744768075 -0.126966821355 -0.138036565189 2.5281925511 6.675
-0.115079365126 0.0697044356959 2.54540350545 -0.124024394149 -0.104800926653 2.54171004418 6.7
-0.221335692148 -0.0577864716841 2.57342852223 -0.137237785984 -0.0931273474758 2.55862789717 6.725
-0.221335692148 -0.0577864716841 2.57342852223 -0.149641331339 -0.0825921227191 2.57229574018 6.75
-0.221335692148 -0.0577864716841 2.57342852223 -0.161245020638 -0.0731372285959 2.583068632 6.775
-0.285696490184 -0.812549660045 2.42632209263 -0.181567628493 -0.176188260764 2.5586288529 6.8
-0.285696490184 -0.812549660045 2.42632209263 -0.200373049398 -0.271478987298 2.53590948524 6.825
-0.285696490184 -0.812549660045 2.42632209263 -0.217708156991 -0.359308843506 2.51494984357 6.85
-0.255666249276 0.0356060884709 2.61945207839 -0.229186085652 -0.314700187346 2.53863867657 6.875
-0.255666249276 0.0356060884709 2.61945207839 -0.2396401972 -0.27303736536 2.55890330123 6.9
-0.255666249276 0.0356060884709 2.61945207839 -0.249108399149 -0.234221543055 2.5760632547 6.925
-0.255666249276 0.0356060884709 2.61945207839 -0.257629937937 -0.198153855232 2.59042089565 6.95
-0.255666249276 0.0356060884709 2.61945207839 -0.265245193392 -0.164735258864 2.60226195482 6.975
-0.255666249276 0.0356060884709 2.61945207839 -0.271995471437 -0.133866456433 2.61185591322 7.0
-0.255666249276 0.0356060884709 2.61945207839 -0.277922797239 -0.105447880308 2.6194562646 7.025
-0.255666249276 0.0356060884709 2.61945207839 -0.2830697108 -0.079379729462 2.62530070849 7.05
-0.180328003898 0.00150607181288 2.70387125701 -0.276351152536 -0.0605988290564 2.64834982766 7.075
-0.180328003898 0.00150607181288 2.70387125701 -0.269809044679 -0.0435741607033 2.66779677556 7.1
-0.180328003898 0.00150607181288 2.70387125701 -0.263450805822 -0.0282219132206 2.68397995982 7.125
-0.134225779843 0.0791901796891 2.72541493848 -0.250474051294 -0.00298413935751 2.70200445966 7.15
-0.134225779843 0.0791901796891 2.72541493848 -0.238228201876 0.0198496756825 2.71681515657 7.175
-0.134225779843 0.0791901796891 2.72541493848 -0.22669788315 0.040398571273 2.72874129229 7.2
-0.260638786333 0.0672830460266 2.74820563675 -0.234539116157 0.0570219848024 2.74315481752 7.225
-0.260638786333 0.0672830460266 2.74820563675 -0.241601819957 0.0717334637253 2.75467931072 7.25
-0.120873341301 0.0851899836375 2.77992487646 -0.227284099258 0.0872881898528 2.77067491904 7.275
-0.120873341301 0.0851899836375 2.77992487646 -0.21388766035 0.100942854464 2.78354831866 7.3
-0.120873341301 0.0851899836375 2.77992487646 -0.201387488412 0.112812816442 2.79363931729 7.325
-0.156710428402 0.0481157139114 2.80847138003 -0.19505114457 0.117535343676 2.80760614804 7.35
-0.156710428402 0.0481157139114 2.80847138003 -0.18914437059 0.121126305136 2.81864642926 7.375
-0.156710428402 0.0481157139114 2.80847138003 -0.183656728173 0.123676925988 2.82709451542 7.4
-0.227235942472 0.071883792584 2.8356199533 -0.188994105 0.128786472166 2.83929183689 7.425
-0.227235942472 0.071883792584 2.8356199533 -0.193912233384 0.132755201339 2.84877651477 7.45
0.0831428924204 0.128995551308 2.83222296394 -0.152587046715 0.144112808463 2.85511811607 7.475
-0.00950330649953 0.12465838374 2.86378397928 -0.128156439295 0.15321340454 2.86647158496 7.5
-0.00950330649953 0.12465838374 2.86378397928 -0.105738275752 0.160862174335 2.87525870919 7.525
-0.196956644488 0.0786238632956 2.88399185854 -0.112937149635 0.16036849594 2.88627788163 7.55
-0.196956644488 0.0786238632956 2.88399185854 -0.11981407368 0.159169597212 2.89479174553 7.575
-0.196956644488 0.0786238632956 2.88399185854 -0.126373436546 0.157345558194 2.90110814504 7.6
-0.196956644488 0.0786238632956 2.88399185854 -0.132619559959 0.154972717601 2.90551479781 7.625
-0.0795269451003 0.00681092005066 2.91872326295 -0.121211729831 0.141516395617 2.9159886645 7.65
-0.139618841157 0.0608053754271 2.93822582193 -0.119733129943 0.136458042628 2.92846111941 7.675
-0.180983477838 0.107195685266 2.94765631008 -0.124672247626 0.138081155281 2.94045930961 7.7
-0.180983477838 0.107195685266 2.94765631008 -0.129419008069 0.139049742832 2.94993857553 7.725
-0.213354880887 0.134947382256 2.95448970115 -0.138752688098 0.143533370525 2.95871542405 7.75
-0.213354880887 0.134947382256 2.95448970115 -0.147515820188 0.147178724199 2.96536922459 7.775
-0.181300103102 0.139007062348 2.96342475479 -0.150987695088 0.150661352637 2.97215626993 7.8
-0.181300103102 0.139007062348 2.96342475479 -0.154288082434 0.153406833175 2.97710633341 7.825
-0.181300103102 0.139007062348 2.96342475479 -0.157416879932 0.15548552079 2.98046992416 7.85
-0.374798039441 -0.882264716762 2.81926497857 -0.188955324974 0.00611609393852 2.95047970411 7.875
-0.374798039441 -0.882264716762 2.81926497857 -0.218086396269 -0.131982778521 2.92323295933 7.9
-0.374798039441 -0.882264716762 2.81926497857 -0.244902704255 -0.259232647789 2.89867371504 7.925
-0.421791461246 -0.972010368824 2.79249314166 -0.276438521506 -0.389314257244 2.87078627147 7.95
-0.421791461246 -0.972010368824 2.79249314166 -0.305302728997 -0.508361535153 2.84614550344 7.975
-0.421791461246 -0.972010368824 2.79249314166 -0.331611102095 -0.616846370913 2.82460123153 8.0
-0.0919641340596 -0.0134518872407 3.06352745272 -0.306761980955 -0.573657081534 2.86615218317 8.025
-0.0919641340596 -0.0134518872407 3.06352745272 -0.283401885031 -0.531934647442 2.90315985751 8.05
-0.0265843449926 0.204968642453 3.06363277085 -0.251833777522 -0.459438486123 2.93593839442 8.075
-0.0910858274559 0.190075439734 3.08342806378 -0.23195724298 -0.393175773691 2.96913925299 8.1
-0.0910858274559 0.190075439734 3.08342806378 -0.213427287386 -0.330689491247 2.99811272137 8.125
-0.129533146035 0.221472218358 3.10166626628 -0.201880513612 -0.267261445429 3.02721344139 8.15
-0.129533146035 0.221472218358 3.10166626628 -0.191150491462 -0.207808317238 3.05220190794 8.175
-0.129533146035 0.221472218358 3.10166626628 -0.181211609375 -0.152228121129 3.07340376187 8.2
-0.129533146035 0.221472218358 3.10166626628 -0.17203757428 -0.100415342804 3.09113744127 8.225
-0.495271785907 -0.923542055535 2.94343625526 -0.217623263634 -0.221386434441 3.07059094661 8.25
-0.495271785907 -0.923542055535 2.94343625526 -0.259690823755 -0.332665055428 3.05145166166 8.275
-0.495271785907 -0.923542055535 2.94343625526 -0.298384520135 -0.434674651963 3.0337346869 8.3
-0.495271785907 -0.923542055535 2.94343625526 -0.333848087483 -0.52783523126 3.01744432907 8.325
-0.495271785907 -0.923542055535 2.94343625526 -0.366224668095 -0.612563182465 3.00257389389 8.35
0.0611435801693 0.290765083696 3.13959073077 -0.313470786056 -0.509910465671 3.03264622099 8.375
0.0611435801693 0.290765083696 3.13959073077 -0.264347000784 -0.413685088264 3.05880699542 8.4
0.0611435801693 0.290765083696 3.13959073077 -0.218731732019 -0.323718337283 3.08136031701 8.425
0.0110337072917 0.19768415624 3.18574212712 -0.183903814702 -0.253585060227 3.11084490081 8.45
0.0110337072917 0.19768415624 3.18574212712 -0.151758541931 -0.188281539697 3.13605770144 8.475
0.0368056167546 0.266775820967 3.18550282863 -0.118387961724 -0.117462315255 3.15730099177 8.5
0.0368056167546 0.266775820967 3.18550282863 -0.0877944648594 -0.0519862983562 3.17497925375 8.525
-0.00722008402544 0.308082276844 3.20363008442 -0.0663657310069 0.0144301128579 3.19344947439 8.55
0.17877734768 0.332157060825 3.15136601 -0.0195011579821 0.0789508268823 3.19691961256 8.575
0.17877734768 0.332157060825 3.15136601 0.0232712978079 0.137951527345 3.19873894824 8.6
-0.0392484128743 0.213418164818 3.22771440068 0.0299310862937 0.174118450071 3.21608934024 8.625
-0.0392484128743 0.213418164818 3.22771440068 0.0353856655633 0.206590285044 3.23018645915 8.65
0.0460075203524 0.272980736195 3.22155789892 0.0523076436876 0.244338360117 3.24000167751 8.675
0.0460075203524 0.272980736195 3.22155789892 0.0671974839914 0.278051296081 3.24738944767 8.7
0.00637882694111 0.238663646088 3.23097669993 0.0743198141265 0.302864100283 3.25473516225 8.725
0.00637882694111 0.238663646088 3.23097669993 0.0801028134278 0.324446333453 3.25997191279 8.75
0.00637882694111 0.238663646088 3.23097669993 0.0846427155838 0.342985230866 3.26337615804 8.775
0.0347738310507 0.257927025707 3.24834235738 0.0922278871262 0.361512141551 3.26906109191 8.8
0.0275906540292 0.238132946264 3.25446133016 0.0973669390331 0.374219527285 3.27430269694 8.825
0.0275906540292 0.238132946264 3.25446133016 0.101306838702 0.384450789453 3.27783020437 8.85
0.0275906540292 0.238132946264 3.25446133016 0.104144427514 0.392384443489 3.27988829363 8.875
0.0275906540292 0.238132946264 3.25446133016 0.105973650472 0.398195463441 3.28070334256 8.9
0.0275906540292 0.238132946264 3.25446133016 0.106885372912 0.402054782077 3.28048355646 8.925
-0.411190330128 -1.12724994508 3.03074684321 0.0421566136356 0.202453525296 3.22976131436 8.95
-0.411190330128 -1.12724994508 3.03074684321 -0.0182447625912 0.0170145684694 3.18439578786 8.975
-0.471170116182 -1.15789034349 3.00458958438 -0.0833040981903 -0.159274823232 3.13834647161 9.0
-0.471170116182 -1.15789034349 3.00458958438 -0.143598009992 -0.322026848554 3.09787413891 9.025
-0.471170116182 -1.15789034349 3.00458958438 -0.199287608645 -0.471753168751 3.06266888864 9.05
0.0327652226733 0.310880059224 3.28505044919 -0.176102909384 -0.392023663328 3.09466291372 9.075
0.0327652226733 0.310880059224 3.28505044919 -0.154471753784 -0.317285877877 3.12371371032 9.1
-0.435850830012 -1.07625686558 3.0705607333 -0.20354397838 -0.452259164212 3.10236272995 9.125
-0.435850830012 -1.07625686558 3.0705607333 -0.2486188992 -0.575850455539 3.08414777392 9.15
-0.435850830012 -1.07625686558 3.0705607333 -0.289854010639 -0.688547774162 3.06883990843 9.175
-0.435850830012 -1.07625686558 3.0705607333 -0.327408512112 -0.790839917004 3.05620936253 9.2
0.0790249526271 0.411900302893 3.2848956379 -0.285392684488 -0.663405783425 3.09360313422 9.225
0.292076995398 0.447420174375 3.22148977051 -0.214502019715 -0.538501864559 3.11336892809 9.25
0.292076995398 0.447420174375 3.22148977051 -0.148588304218 -0.421569872789 3.13144100167 9.275
0.292076995398 0.447420174375 3.22148977051 -0.0874708777038 -0.312374834925 3.14786528866 9.3
0.0942024575651 0.395214964888 3.31102528632 -0.0601963702767 -0.218389501564 3.18256748738 9.325
0.0942024575651 0.395214964888 3.31102528632 -0.0350690639193 -0.131057404305 3.21331785219 9.35
0.101730094531 0.41625660712 3.29716787643 -0.0108895372443 -0.04704960794 3.23725931978 9.375
0.101730094531 0.41625660712 3.29716787643 0.0112308590625 0.0305072090835 3.25806502574 9.4
0.123049936141 0.376331529864 3.31677260901 0.0345322283005 0.0959537698666 3.28029017288 9.425
0.123049936141 0.376331529864 3.31677260901 0.0557098566917 0.155889830178 3.29926101351 9.45
0.156908561725 0.379920140537 3.31245318385 0.0798654343312 0.211070278836 3.31426042639 9.475
0.156908561725 0.379920140537 3.31245318385 0.101706455912 0.261150551084 3.32660497748 9.5
0.156908561725 0.379920140537 3.31245318385 0.121348284122 0.306360918431 3.33652663459 9.525
0.0754988387638 0.376322136653 3.33271271717 0.126880706406 0.346401197644 3.3487508775 9.55
0.0754988387638 0.376322136653 3.33271271717 0.131383075277 0.38207605532 3.35845816995 9.575
0.0754988387638 0.376322136653 3.33271271717 0.134929153074 0.413615120182 3.36590072481 9.6
0.0754988387638 0.376322136653 3.33271271717 0.137591192665 0.441247061326 3.37132282656 9.625
0.108681882392 0.428311642957 3.32497235207 0.144341077631 0.472878091207 3.37324140243 9.65
0.108681882392 0.428311642957 3.32497235207 0.149962483238 0.500452737157 3.3738078204 9.675
0.108681882392 0.428311642957 3.32497235207 0.154537652066 0.524217356714 3.37322181893 9.7
0.108681882392 0.428311642957 3.32497235207 0.158146619734 0.544414773121 3.3716708775 9.725
0.065120098281 0.421721117556 3.33600451126 0.154432731925 0.560310210072 3.37177837497 9.75
0.160477640651 0.45212565281 3.32219702275 0.164494059304 0.577678223805 3.3678945657 9.775
0.160477640651 0.45212565281 3.32219702275 0.173195305384 0.591901945697 3.36362315789 9.8
0.160477640651 0.45212565281 3.32219702275 0.180630770258 0.603215506155 3.35909307324 9.825
0.156585152057 0.445493860204 3.33288582371 0.186317012754 0.610867213463 3.35679207696 9.85
0.156585152057 0.445493860204 3.33288582371 0.190962594704 0.61613445046 3.35416115865 9.875
0.105166136929 0.447115415041 3.33932053808 0.187056422309 0.619467641667 3.35273567199 9.9
0.106326618582 0.428703455513 3.34260120461 0.183040044813 0.61809239874 3.35173637318 9.925
0.106326618582 0.428703455513 3.34260120461 0.178782041947 0.615137546868 3.35043986291 9.95
0.139959620941 0.454900400002 3.33652927341 0.179300995438 0.614652181465 3.34758560022 9.975
0.139959620941 0.454900400002 3.33652927341 0.179287840338 0.61263532668 3.34476116083 10.0
0.0383447001203 0.479295541133 3.35431865399 0.163793658203 0.612865509025 3.34597039378 10.025
0.0383447001203 0.479295541133 3.35431865399 0.149059430632 0.611623977024 3.34683059313 10.05
0.0383447001203 0.479295541133 3.35431865399 0.135091099862 0.609080123698 3.34740910735 10.075
0.0383447001203 0.479295541133 3.35431865399 0.12189145613 0.605394577112 3.34776491786 10.1
0.180196035309 0.440389576424 3.35074793389 0.130412508428 0.594972529617 3.34715670274 10.125
0.0912080481844 0.483463379733 3.34670757561 0.12491458535 0.590515763013 3.34562062835 10.15
0.0912080481844 0.483463379733 3.34670757561 0.119631276547 0.585280004986 3.34419389899 10.175
0.0912080481844 0.483463379733 3.34670757561 0.114578575201 0.579392883619 3.34289507294 10.2
0.156726758415 0.474072560777 3.34970070546 0.11944733593 0.571586399185 3.34240179136 10.225
0.156726758415 0.474072560777 3.34970070546 0.123813364817 0.563466875973 3.34197753896 10.25
0.065523256453 0.497443061736 3.35634003762 0.114244637542 0.558584275695 3.3431056219 10.275
0.065523256453 0.497443061736 3.35634003762 0.105303925423 0.553306368355 3.34413932541 10.3
0.065523256453 0.497443061736 3.35634003762 0.0969830947052 0.547726246256 3.34509301246 10.325
0.112980665695 0.512414935816 3.3644910865 0.096281712472 0.544140810689 3.34778763907 10.35
0.112980665695 0.512414935816 3.3644910865 0.0956292554345 0.540243604318 3.35020364055 10.375
0.117289224364 0.479939207931 3.36624191216 0.0956706152228 0.531315763781 3.35275129524 10.4
0.117289224364 0.479939207931 3.36624191216 0.0957264314348 0.522600749005 3.35501479512 10.425
-0.458056196288 -1.09557146323 3.16120588136 0.0108220859013 0.281435336688 3.31150396395 10.45
-0.409104056987 -1.12449029056 3.15029654854 -0.0601719659384 0.0545188753283 3.27085481546 10.475
-0.409104056987 -1.12449029056 3.15029654854 -0.125318499373 -0.154248081127 3.23544494073 10.5
-0.409104056987 -1.12449029056 3.15029654854 -0.184861724128 -0.345589735013 3.20491716113 10.525
0.108320981581 0.610838302119 3.35991684675 -0.162619704606 -0.263916118348 3.22544463351 10.55
0.202955927614 0.584381177725 3.36697112764 -0.127268498064 -0.190248569995 3.24606116539 10.575
0.202955927614 0.584381177725 3.36697112764 -0.0938815728254 -0.120289331413 3.26502646064 10.6
0.137953565215 0.647840935286 3.36887940412 -0.072016196603 -0.0445941337024 3.28279727071 10.625
0.137953565215 0.647840935286 3.36887940412 -0.0512747377697 0.0268011540357 3.29893776167 10.65
0.137953565215 0.647840935286 3.36887940412 -0.0316418433572 0.093998790909 3.31349679305 10.675
0.185684314444 0.595845729402 3.37923547984 -0.00605074054756 0.149422799289 3.32882835203 10.7
0.185684314444 0.595845729402 3.37923547984 0.0179146873113 0.201460597376 3.34241602058 10.725
-0.392439643036 -1.05100110389 3.23342716199 -0.0450958809233 0.0069472774011 3.32197986154 10.75
-0.392439643036 -1.05100110389 3.23342716199 -0.102962354312 -0.17174060566 3.30390429769 10.775
0.0506992062807 0.613288507265 3.40760341543 -0.090457607059 -0.0894632405234 3.3266914673 10.8
0.0506992062807 0.613288507265 3.40760341543 -0.0783848449069 -0.0119706812596 3.34682987136 10.825
0.15240108748 0.644690327457 3.3898344565 -0.0517370456073 0.0654806853503 3.36052654135 10.85
0.15240108748 0.644690327457 3.3898344565 -0.0267250919535 0.137999172768 3.37235868109 10.875
0.13359556751 0.607280262184 3.41243238589 -0.00608983822798 0.200187983081 3.3874678341 10.9
-0.416482592516 -1.1073420489 3.22982418741 -0.0680471910434 0.00487874835167 3.35982234834 10.925
-0.416482592516 -1.1073420489 3.22982418741 -0.124955482323 -0.174724163322 3.3350434316 10.95
-0.416482592516 -1.1073420489 3.22982418741 -0.177039879608 -0.339303540094 3.31297910171 10.975
-0.401100718318 -1.0686386091 3.24759539147 -0.222251530277 -0.483820746604 3.29742109695 11.0
-0.401100718318 -1.0686386091 3.24759539147 -0.263261275124 -0.61511300641 3.28379182839 11.025
0.144687373673 0.552394183581 3.43539060757 -0.219664359869 -0.49439309341 3.3136522375 11.05
0.144687373673 0.552394183581 3.43539060757 -0.17859609657 -0.380481841862 3.34013229059 11.075
0.144687373673 0.552394183581 3.43539060757 -0.140005499834 -0.273251077456 3.36343480782 11.1
-0.402977186523 -1.10545697439 3.24353851498 -0.184732015694 -0.417439475385 3.34117720511 11.125
-0.402977186523 -1.10545697439 3.24353851498 -0.225493442032 -0.5488608213 3.32131740538 11.15
-0.623413189019 -1.22316862451 3.11490146361 -0.295047523442 -0.685530384731 3.27516920316 11.175
-0.623413189019 -1.22316862451 3.11490146361 -0.358480821136 -0.809320356272 3.23461908046 11.2
-0.416301272991 -1.02225911372 3.30957335235 -0.38549715169 -0.89122133714 3.24251976673 11.225
-0.125575573341 -1.10334648452 3.24942935285 -0.366432867268 -0.975865211043 3.23670518364 11.25
-0.125575573341 -1.10334648452 3.24942935285 -0.347781974332 -1.05088868097 3.2321279809 11.275
0.134993811824 0.588539553149 3.44870708891 -0.291106688844 -0.866968264715 3.27290066327 11.3
0.134993811824 0.588539553149 3.44870708891 -0.23795302422 -0.694133071486 3.30930113845 11.325
-0.456473030973 -1.11635251928 3.25836855497 -0.275602884914 -0.783962578646 3.29931259219 11.35
-0.456473030973 -1.11635251928 3.25836855497 -0.309769054151 -0.864666115652 3.29054997266 11.375
0.0764748171586 0.641075194716 3.45513232881 -0.261920573828 -0.677194456871 3.32659682692 11.4
0.0764748171586 0.641075194716 3.45513232881 -0.217123156477 -0.501969078056 3.35838623832 11.425
0.256161792368 0.757388636889 3.37439625897 -0.1487649016 -0.321488314944 3.36825425441 11.45
0.256161792368 0.757388636889 3.37439625897 -0.0853888296925 -0.153942219438 3.37655685449 11.475
-0.464833729314 -1.02460154606 3.31585159551 -0.133326259162 -0.26213874661 3.37041885636 11.5
-0.464833729314 -1.02460154606 3.31585159551 -0.177577946977 -0.361849322992 3.3645334099 11.525
-0.420412879268 -1.09454328747 3.27796861787 -0.211750780771 -0.463817609619 3.35050930827 11.55
-0.420412879268 -1.09454328747 3.27796861787 -0.243084329159 -0.5573061777 3.33779255854 11.575
-0.387951320475 -1.0755519058 3.28766158484 -0.26692447885 -0.639934612154 3.32848291264 11.6
-0.387951320475 -1.0755519058 3.28766158484 -0.288578896652 -0.715142497947 3.32011346599 11.625
0.117133952831 0.599457733461 3.47071115114 -0.233562736276 -0.535917116177 3.35327598065 11.65
0.117133952831 0.599457733461 3.47071115114 -0.182436099534 -0.369420241049 3.38236399598 11.675
0.117133952831 0.599457733461 3.47071115114 -0.1350744551 -0.215240315936 3.40765208341 11.7
-0.427015057647 -1.10705786319 3.28803632235 -0.171724546908 -0.325019474568 3.38886387048 11.725
-0.427015057647 -1.10705786319 3.28803632235 -0.205591024536 -0.426536011021 3.37173909689 11.75
-0.456844608527 -1.12388693076 3.27760321439 -0.241203814462 -0.522643028126 3.35390824985 11.775
-0.456844608527 -1.12388693076 3.27760321439 -0.273933699267 -0.611020463369 3.33791022178 11.8
-0.484068810608 -1.10799553125 3.28495387716 -0.307935442207 -0.689682599667 3.32529578734 11.825
-0.435703639039 -1.08652180783 3.30951153648 -0.331860794817 -0.758343783502 3.31960101528 11.85
-0.435703639039 -1.08652180783 3.30951153648 -0.353555054597 -0.820765518281 3.31463653979 11.875
-0.435703639039 -1.08652180783 3.30951153648 -0.373135647971 -0.877272913479 3.31036510492 11.9
-0.451998538999 -1.14261026466 3.27866222447 -0.393124724665 -0.936469419836 3.29989887643 11.925
-0.451998538999 -1.14261026466 3.27866222447 -0.411040119766 -0.989734417694 3.29087422569 11.95
-0.423111488288 -1.10946841391 3.30882154334 -0.422733501567 -1.03250496708 3.28988753303 11.975
-0.423111488288 -1.10946841391 3.30882154334 -0.43292169299 -1.07038500056 3.2893324824 12.0
0.0818781627276 0.629794655826 3.47728013723 -0.367114582128 -0.84677766677 3.32655493159 12.025
-0.41233261686 -1.13995406523 3.28688335857 -0.378835881334 -0.900389385179 3.31731363289 12.05
-0.41233261686 -1.13995406523 3.28688335857 -0.389230404317 -0.948824854575 3.30924967258 12.075
0.108784794699 0.602988388104 3.48251969319 -0.321412638688 -0.734935554239 3.34570540879 12.1
0.108784794699 0.602988388104 3.48251969319 -0.258463645511 -0.536602900996 3.37790153616 12.125
0.108784794699 0.602988388104 3.48251969319 -0.200219053787 -0.353285252397 3.40609832321 12.15
0.0762116907368 0.576802668208 3.49449765697 -0.151323064908 -0.18830152509 3.43321563195 12.175
0.0762116907368 0.576802668208 3.49449765697 -0.106418309672 -0.036925676338 3.45653318677 12.2
-0.432995961045 -1.14028407563 3.28853237226 -0.140561438868 -0.152232844866 3.43061415039 12.225
-0.457842099012 -1.14780456781 3.29685509432 -0.176163772182 -0.26130374625 3.40885347691 12.25
-0.457842099012 -1.14780456781 3.29685509432 -0.209348195941 -0.363192249925 3.3890961777 12.275
0.16835652875 0.553150328116 3.49740345192 -0.147711931417 -0.20690956723 3.41578487416 12.3
0.0854611473923 0.577799436114 3.49485491896 -0.10332186963 -0.0599726272883 3.43835600841 12.325
0.0854611473923 0.577799436114 3.49485491896 -0.0627691821036 0.0742447886636 3.45771082516 12.35
0.0854611473923 0.577799436114 3.49485491896 -0.0258860869223 0.196306891868 3.47410643154 12.375
-0.443323884995 -1.17281916223 3.28273156672 -0.0706092797357 0.0482006377541 3.44070902862 12.4
-0.443323884995 -1.17281916223 3.28273156672 -0.112552411386 -0.0906944312696 3.41056445845 12.425
0.102453010755 0.541002635981 3.5108985298 -0.0711824684444 0.0324990216478 3.43418636683 12.45
0.115791004549 0.578636642224 3.49475712699 -0.0315361682592 0.150115697417 3.4510569174 12.475
0.115791004549 0.578636642224 3.49475712699 0.00443622069479 0.256697702827 3.46544419281 12.5
0.115791004549 0.578636642224 3.49475712699 0.036913918882 0.352794334251 3.47756279971 12.525
0.115791004549 0.578636642224 3.49475712699 0.0660747783502 0.438949708935 3.48761971782 12.55
-0.44078430899 -1.15687807395 3.29142398616 0.0098854533382 0.259355909185 3.45068017387 12.575
0.108425029571 0.574371218451 3.49968792055 0.0382861606259 0.346671491499 3.46377652405 12.6
0.0921429379437 0.588088096915 3.4987679559 0.061310381455 0.426896241593 3.47469175098 12.625
0.0921429379437 0.588088096915 3.4987679559 0.0817172992661 0.498358452988 3.48383724124 12.65
0.0921429379437 0.588088096915 3.4987679559 0.0996624799161 0.561568458861 3.4913853999 12.675
-0.418771827229 -1.15562344969 3.29331352591 0.0398333197634 0.359470107927 3.45189555137 12.7
-0.418771827229 -1.15562344969 3.29331352591 -0.0162485856397 0.170270428283 3.41666454904 12.725
-0.396860287194 -1.17862142068 3.28988117012 -0.0654414987753 -0.0097699252309 3.38471954021 12.75
0.106712621688 0.569174511321 3.50237815569 -0.0369527234577 0.080818122465 3.40386396973 12.775
0.106712621688 0.569174511321 3.50237815569 -0.0110766447728 0.163291201962 3.42097178532 12.8
0.106712621688 0.569174511321 3.50237815569 0.0123289711752 0.238085638205 3.43617595105 12.825
0.0858121899904 0.557342387428 3.50398908654 0.0303157651821 0.303879172804 3.44996228876 12.85
0.0858121899904 0.557342387428 3.50398908654 0.0463477955419 0.362970901001 3.46205401937 12.875
0.0866144255234 0.58811934192 3.5043984603 0.0606655235884 0.420305037148 3.4726654223 12.9
0.0866144255234 0.58811934192 3.5043984603 0.0732596308959 0.471367261823 3.48181461425 12.925
0.0722665686354 0.578316295144 3.50902874089 0.0821261246958 0.515100646169 3.49064676387 12.95
0.289289614797 0.706534832043 3.42520518914 0.121717436035 0.5723851397 3.47951697129 12.975
0.289289614797 0.706534832043 3.42520518914 0.157570054963 0.623163822507 3.46940886032 13.0
0.289289614797 0.706534832043 3.42520518914 0.189883749452 0.667849835132 3.46029097998 13.025
-0.404180142057 -1.17174811777 3.30623584158 0.116424798172 0.429410939178 3.42572045783 13.05
-0.404180142057 -1.17174811777 3.30623584158 0.0478325306784 0.207386528567 3.39527195125 13.075
0.149779911952 0.524165097339 3.50361888034 0.0657914442878 0.251765947707 3.41250889506 13.1
0.149779911952 0.524165097339 3.50361888034 0.0819307756885 0.29192586987 3.42804686596 13.125
-0.39276642828 -1.22457808591 3.28210049694 0.0162272823064 0.0698346999023 3.39280560288 13.15
0.0386720651341 0.55216593921 3.52038586195 0.018927324383 0.126703866378 3.41490637359 13.175
0.0386720651341 0.55216593921 3.52038586195 0.0211674323022 0.178978416401 3.43473841356 13.2
0.0386720651341 0.55216593921 3.52038586195 0.0229978885471 0.226908438482 3.45242019108 13.225
0.0386720651341 0.55216593921 3.52038586195 0.0244654224569 0.270734730728 3.46807099816 13.25
0.0386720651341 0.55216593921 3.52038586195 0.0256133657597 0.310689322407 3.48181109363 13.275
0.0770253119103 0.541084662137 3.5132629932 0.0321468103636 0.345359138943 3.49218051639 13.3
0.0770253119103 0.541084662137 3.5132629932 0.0379943107623 0.376724797451 3.50107388885 13.325
-0.414402746601 -1.20100848792 3.29256732458 -0.0293789279615 0.147671448692 3.4596126471 13.35
-0.414402746601 -1.20100848792 3.29256732458 -0.0916550236133 -0.0641463571943 3.42284057808 13.375
-0.109360904658 0.49385358193 3.53203207685 -0.103962369853 -0.00901967771317 3.44363461561 13.4
-0.461789365207 -1.12982441081 3.34395534552 -0.167127458702 -0.197351319088 3.42036231366 13.425
-0.461789365207 -1.12982441081 3.34395534552 -0.22506565801 -0.370388216033 3.39997810045 13.45
-0.438648083471 -1.26010629669 3.25568293117 -0.274572568152 -0.547990111009 3.36269873586 13.475
-0.438648083471 -1.26010629669 3.25568293117 -0.319549015687 -0.710027697871 3.33030753157 13.5
-0.453209633793 -1.24827213021 3.26081699259 -0.362351114726 -0.855437673357 3.30360185202 13.525
-0.453209633793 -1.24827213021 3.26081699259 -0.400865498821 -0.986791085971 3.28096350285 13.55
-0.406406941898 -1.21280263656 3.28551764961 -0.428391819917 -1.09952964457 3.26754739666 13.575
-0.406406941898 -1.21280263656 3.28551764961 -0.452596399502 -1.19998177179 3.25688216776 13.6
0.101496477598 0.530569309883 3.52202413943 -0.398647868783 -1.03130032338 3.30119185151 13.625
0.101496477598 0.530569309883 3.52202413943 -0.347626232453 -0.871802709683 3.34134064529 13.65
0.101496477598 0.530569309883 3.52202413943 -0.299477474516 -0.72131579409 3.37748520347 13.675
-0.432932157963 -1.21112793833 3.29027217196 -0.333083365688 -0.83691794267 3.35835034267 13.7
0.0882587851316 0.517839353553 3.53649506106 -0.286284227819 -0.685644675734 3.39645417902 13.725
0.0882587851316 0.517839353553 3.53649506106 -0.242278223976 -0.543486321185 3.4302898961 13.75
0.136976098368 0.496635132743 3.52824447167 -0.193810009356 -0.413372116902 3.45824685213 13.775
0.136976098368 0.496635132743 3.52824447167 -0.148575802025 -0.291711845587 3.4826076468 13.8
0.204605144344 0.64289698287 3.46557318485 -0.0964971536074 -0.156688238554 3.48968246702 13.825
0.204605144344 0.64289698287 3.46557318485 -0.0482526057545 -0.0313722696418 3.49529787231 13.85
0.204605144344 0.64289698287 3.46557318485 -0.00371449877903 0.0845387405295 3.49957466537 13.875
0.0853274330709 0.491249085129 3.53328173947 0.0196298018416 0.168957581681 3.51766471204 13.9
0.0800012143327 0.50786735961 3.52711867617 0.0401240813736 0.248812288046 3.53146895358 13.925
0.0800012143327 0.50786735961 3.52711867617 0.058696279513 0.321713319182 3.54276106223 13.95
-0.367951275709 -1.24182639099 3.29178478057 0.00926032115851 0.129492277791 3.4995300472 13.975
-0.367951275709 -1.24182639099 3.29178478057 -0.0367585008779 -0.0489033427075 3.46057649301 14.0
-0.372143786615 -1.29488676583 3.26955474347 -0.0801081553617 -0.221852440455 3.42077199306 14.025
-0.236580810032 -1.27476001654 3.27395654273 -0.100225026741 -0.378468734719 3.38642687266 14.05
-0.236580810032 -1.27476001654 3.27395654273 -0.118828534647 -0.522516341774 3.35620032496 14.075
-0.236580810032 -1.27476001654 3.27395654273 -0.1359826002 -0.654540701999 3.32984931686 14.1
0.0713948032593 0.472667858936 3.53872744653 -0.10626051977 -0.516977841291 3.36589743101 14.125
-0.428328696342 -1.21397688251 3.29943278443 -0.152587462289 -0.637801793886 3.34507147123 14.15
-0.428328696342 -1.21397688251 3.29943278443 -0.195290257669 -0.748094536107 3.32714513251 14.175
-0.428328696342 -1.21397688251 3.29943278443 -0.234520288701 -0.848355912298 3.31190955282 14.2
-0.420844140334 -1.28537039318 3.26472520784 -0.269322732744 -0.949625933928 3.29145224426 14.225
-0.420844140334 -1.28537039318 3.26472520784 -0.301039562858 -1.04102311867 3.27420570102 14.25
0.105119259714 0.432078696931 3.53969233634 -0.252128313271 -0.869386548385 3.32093988551 14.275
0.105119259714 0.432078696931 3.53969233634 -0.206502403961 -0.708760248122 3.36295034577 14.3
0.0875253818152 0.473758454699 3.5374788339 -0.166655992117 -0.552681215814 3.39997029813 14.325
0.0875253818152 0.473758454699 3.5374788339 -0.129681043288 -0.407473213671 3.43278127663 14.35
0.0875253818152 0.473758454699 3.5374788339 -0.0954785861451 -0.272794203103 3.4616158798 14.375
0.113671987672 0.491958806395 3.5287709976 -0.0600863151423 -0.145606082004 3.48477908591 14.4
-0.437803016303 -1.2712499461 3.27446671621 -0.109023210472 -0.28888700149 3.44823259046 14.425
-0.437803016303 -1.2712499461 3.27446671621 -0.15434220886 -0.421442280674 3.41550698647 14.45
-0.437803016303 -1.2712499461 3.27446671621 -0.196187277174 -0.543723964946 3.38639016021 14.475
-0.399015840803 -1.26170099089 3.28772726854 -0.228972467619 -0.654768061981 3.36361403511 14.5
-0.399015840803 -1.26170099089 3.28772726854 -0.259017696049 -0.756536553617 3.3436665425 14.525
-0.399015840803 -1.26170099089 3.28772726854 -0.286446255028 -0.849460884494 3.32635983497 14.55
0.108684270233 0.46459604394 3.53580035087 -0.236390181918 -0.67898274079 3.36657152458 14.575
0.0929907445837 0.449022384175 3.54668053508 -0.192149145368 -0.522766521306 3.40478103673 14.6
0.0929907445837 0.449022384175 3.54668053508 -0.15110480787 -0.377933675081 3.43852862858 14.625
-0.414308567611 -1.33768501785 3.25625790891 -0.18807571426 -0.507995202659 3.40361874808 14.65
-0.414308567611 -1.33768501785 3.25625790891 -0.222151714006 -0.627984475727 3.37261392272 14.675
0.0770242354788 0.446164232704 3.54410161722 -0.18088413176 -0.474850991021 3.40917265538 14.7
0.0770242354788 0.446164232704 3.54410161722 -0.142649500189 -0.333134301655 3.44141207416 14.725
0.0770242354788 0.446164232704 3.54410161722 -0.107338396863 -0.202419413411 3.46960117151 14.75
-0.18445686159 -1.379454183 3.22258608933 -0.113462735101 -0.351941886923 3.4226424694 14.775
-0.18445686159 -1.379454183 3.22258608933 -0.119265699236 -0.490516582525 3.38083577616 14.8
0.0516739458621 0.459036614681 3.54604281962 -0.0898804316171 -0.347020994107 3.41568588116 14.825
-0.403250377266 -1.3412343369 3.25779016347 -0.130120461424 -0.480609049175 3.38240082855 14.85
-0.403250377266 -1.3412343369 3.25779016347 -0.167429743529 -0.604117951415 3.35299989109 14.875
0.112401117144 0.403134521491 3.55687439291 -0.125756067565 -0.460301932453 3.39363492029 14.9
0.112401117144 0.403134521491 3.55687439291 -0.0873383781593 -0.327388536424 3.42962160232 14.925
0.109523591024 0.409494474685 3.55606483125 -0.0524708449468 -0.204020510469 3.46106410742 14.95
0.109523591024 0.409494474685 3.55606483125 -0.020564136578 -0.0907911162421 3.48844729423 14.975
-0.425511718118 -1.34135435459 3.25620683092 -0.0705164774655 -0.245887194775 3.44549271931 15.0
-0.377457751557 -1.34750330851 3.25804203467 -0.109886577137 -0.390938338033 3.40752704785 15.025
-0.377457751557 -1.34750330851 3.25804203467 -0.146450650243 -0.525364724065 3.37384748481 15.05
-0.377457751557 -1.34750330851 3.25804203467 -0.180309254885 -0.649568828783 3.34420835202 15.075
-0.192226991419 -1.43022589138 3.20371823535 -0.184203721533 -0.776171977026 3.30630304584 15.1
0.0877648185865 0.391956484607 3.55376125731 -0.146380337881 -0.623254644568 3.3511023846 15.125
0.0877648185865 0.391956484607 3.55376125731 -0.111447392652 -0.481473331221 3.39112840799 15.15
0.0877648185865 0.391956484607 3.55376125731 -0.0792879802229 -0.350410915391 3.42664555066 15.175
0.067922950396 0.393617980063 3.55562380833 -0.0527163107873 -0.229404291751 3.45833256822 15.2
0.0822035166363 0.351882013354 3.55205035044 -0.026346732215 -0.124464534593 3.48519890463 15.225
0.0822035166363 0.351882013354 3.55205035044 -0.00234734924547 -0.0285252120157 3.5084040596 15.25
0.0822035166363 0.351882013354 3.55205035044 0.0193942916316 0.0588130956617 3.52821146336 15.275
0.0672089134063 0.349542935135 3.56470070411 0.0367751006596 0.137603610626 3.54769110195 15.3
0.310159179452 0.523415035484 3.46893465792 0.0881792405545 0.234298207277 3.54269617066 15.325
0.310159179452 0.523415035484 3.46893465792 0.135015201792 0.321598890404 3.53734178006 15.35
0.0636515366776 0.345866434906 3.56135697611 0.141088076303 0.373753936891 3.55224772547 15.375
0.0636515366776 0.345866434906 3.56135697611 0.145872761935 0.419510683334 3.56450663824 15.4
-0.353223147106 -1.40249062995 3.24341017882 0.0878905668622 0.201007573535 3.50379561978 15.425
-0.353223147106 -1.40249062995 3.24341017882 0.03363024925 -0.00292275608014 3.44950050017 15.45
-0.353223147106 -1.40249062995 3.24341017882 -0.0170128501021 -0.192734386063 3.40130100316 15.475
-0.194883217165 -1.44972054538 3.20102179958 -0.0407581290154 -0.375864282188 3.34945876296 15.5
-0.194883217165 -1.44972054538 3.20102179958 -0.0629337312746 -0.54525791941 3.30418729133 15.525
-0.194883217165 -1.44972054538 3.20102179958 -0.0835772851 -0.701411866962 3.26506819811 15.55
-0.399528542712 -1.40990778508 3.22571571478 -0.132956199749 -0.838948268086 3.23715967214 15.575
-0.399528542712 -1.40990778508 3.22571571478 -0.178519457531 -0.964716175061 3.21388957694 15.6
0.0848426548091 0.347706141553 3.55956546194 -0.148863436002 -0.819599320189 3.26898061153 15.625
0.0848426548091 0.347706141553 3.55956546194 -0.121275677384 -0.684026181418 3.31895293237 15.65
0.0848426548091 0.347706141553 3.55956546194 -0.0956725403966 -0.557668474232 3.36401555367 15.675
-0.0910884598717 0.370280950886 3.5562265212 -0.0979579436976 -0.4368649518 3.40364369807 15.7
-0.434778668404 -1.298593551 3.3104368559 -0.150796005309 -0.571387938239 3.38433502068 15.725
-0.434778668404 -1.298593551 3.3104368559 -0.199451186176 -0.695103523996 3.36749759945 15.75
-0.434778668404 -1.298593551 3.3104368559 -0.244089656524 -0.808461987754 3.35293714858 15.775
0.09465519721 0.315193453681 3.56546575865 -0.206677870045 -0.673547344744 3.39707527008 15.8
0.083042963631 0.285794738787 3.56606294885 -0.173420382154 -0.552175501896 3.4363831025 15.825
0.083042963631 0.285794738787 3.56606294885 -0.142386323729 -0.439352109602 3.47098316777 15.85
0.0369279748969 0.325841876318 3.56311867174 -0.120311344145 -0.328862099308 3.5005002615 15.875
-0.393657092214 -1.4074460842 3.23437632632 -0.163374997003 -0.482799121131 3.45297968456 15.9
-0.393657092214 -1.4074460842 3.23437632632 -0.202944766315 -0.624784090973 3.41053293578 15.925
-0.393657092214 -1.4074460842 3.23437632632 -0.239169076487 -0.755309546517 3.37287053298 15.95
-0.393657092214 -1.4074460842 3.23437632632 -0.272196041817 -0.874866272559 3.3397039798 15.975
-0.128159197822 -1.42821384243 3.23602207961 -0.262957662451 -0.987010576618 3.31111079114 16.0
-0.128159197822 -1.42821384243 3.23602207961 -0.25388614434 -1.08892119113 3.28639448374 16.025
0.0862720582608 0.282934465552 3.57032124623 -0.213329697902 -0.928344339648 3.33947709548 16.05
0.0862720582608 0.282934465552 3.57032124623 -0.175460205429 -0.778300160752 3.38686590547 16.075
-0.386188970023 -1.49852917309 3.19267466498 -0.209980663726 -0.901600651894 3.34504138566 16.1
0.109875791318 0.285280856307 3.56450376171 -0.168287849842 -0.750710982104 3.39085190324 16.125
0.109875791318 0.285280856307 3.56450376171 -0.129526358371 -0.610242917008 3.43139851882 16.15
0.109875791318 0.285280856307 3.56450376171 -0.0935985749521 -0.4798592662 3.46698905744 16.175
-0.375188254803 -1.47280724356 3.20505234642 -0.132052358812 -0.618897716653 3.41814713426 16.2
-0.375188254803 -1.47280724356 3.20505234642 -0.167532301428 -0.747003908221 3.37465982222 16.225
0.0700623929435 0.259042256682 3.56668385239 -0.134399069467 -0.608848784368 3.41648607888 16.25
0.0207677816368 0.244584902852 3.5805853776 -0.110973491304 -0.482866238309 3.45638321459 16.275
0.0207677816368 0.244584902852 3.5805853776 -0.0893192743897 -0.366403868079 3.4912097122 16.3
0.0563628784672 0.280105205204 3.5625707133 -0.0641156612253 -0.253867570723 3.51730969549 16.325
0.0563628784672 0.280105205204 3.5625707133 -0.0409676279754 -0.150562871822 3.53950900616 16.35
0.0493673415008 0.28364964909 3.56369969327 -0.0208266111567 -0.0555941486324 3.55836605366 16.375
-0.176970841506 -1.49849181989 3.17761888704 -0.0359273641617 -0.232383920008 3.48820536802 16.4
-0.176970841506 -1.49849181989 3.17761888704 -0.0501416448201 -0.396715721483 3.42542966721 16.425
-0.376841421115 -1.48385876489 3.19296739977 -0.0930178942481 -0.546887401503 3.37306627681 16.45
-0.376841421115 -1.48385876489 3.19296739977 -0.132749298942 -0.685687897672 3.32690779618 16.475
-0.376841421115 -1.48385876489 3.19296739977 -0.169456007543 -0.813568074157 3.28658729723 16.5
-0.342647841192 -1.56595676437 3.15732775541 -0.198207500849 -0.94310458068 3.24382134086 16.525
-0.342647841192 -1.56595676437 3.15732775541 -0.224569711111 -1.06167136634 3.2071049262 16.55
-0.397566453974 -1.50162350341 3.17746071542 -0.25675819935 -1.16025306553 3.18046680261 16.575
-0.397566453974 -1.50162350341 3.17746071542 -0.28612971264 -1.24958127017 3.15845612638 16.6
-0.397566453974 -1.50162350341 3.17746071542 -0.312813252297 -1.33010873877 3.14067201738 16.625
0.100060668906 0.208099185948 3.56662167544 -0.263434737835 -1.14974879254 3.21310170166 16.65
0.100060668906 0.208099185948 3.56662167544 -0.217377792797 -0.981250816435 3.27848997647 16.675
-0.0077223650177 0.253259532115 3.57444386039 -0.190454949663 -0.817580058221 3.33887633906 16.7
-0.0077223650177 0.253259532115 3.57444386039 -0.165391111933 -0.665559647652 3.39262894733 16.725
-0.0077223650177 0.253259532115 3.57444386039 -0.142127191712 -0.524793490682 3.44008873456 16.75
0.252007681367 0.350183210392 3.50042674025 -0.082239281078 -0.380563985453 3.46517822569 16.775
0.252007681367 0.350183210392 3.50042674025 -0.0270326912952 -0.247901567534 3.48668325434 16.8
0.2006290501 0.363628938884 3.52127907751 0.0160882850044 -0.124363719076 3.50947249717 16.825
0.2006290501 0.363628938884 3.52127907751 0.0554920708286 -0.0116316443935 3.52860069326 16.85
0.0989783740385 0.257793026302 3.5616413772 0.0763261028168 0.0751315553929 3.55331147042 16.875
0.0123621940999 0.242897930024 3.56873994687 0.0821484802953 0.151053442816 3.57541841537 16.9
0.0123621940999 0.242897930024 3.56873994687 0.0868686303626 0.218928717781 3.59350774397 16.925
0.0501144530719 0.214471290809 3.56574675497 0.0961359215801 0.274973670368 3.60727619888 16.95
0.0501144530719 0.214471290809 3.56574675497 0.104010128146 0.324129363769 3.61782319107 16.975
0.0501144530719 0.214471290809 3.56574675497 0.110580587202 0.366793401241 3.62548878229 17.0
0.0710110207586 0.254412727339 3.55197595332 0.119021967597 0.409259203613 3.6275451317 17.025
0.0710110207586 0.254412727339 3.55197595332 0.12609275712 0.445554323162 3.62773577451 17.05
0.0352851508027 0.202950236274 3.57123271914 0.126610773555 0.468479205042 3.63061205231 17.075
-0.383297580748 -1.54215102934 3.16610929491 0.0645315649249 0.228862895543 3.54171611272 17.1
-0.383297580748 -1.54215102934 3.16610929491 0.00659557580289 0.0050060985645 3.4621673398 17.125
-0.383297580748 -1.54215102934 3.16610929491 -0.0473230230934 -0.203559703317 3.39151849546 17.15
-0.383297580748 -1.54215102934 3.16610929491 -0.0973525209095 -0.397312354592 3.32930494398 17.175
-0.00582720163839 0.217093365837 3.56237035948 -0.0878689957983 -0.31688807279 3.36300435549 17.2
-0.00582720163839 0.217093365837 3.56237035948 -0.07912435678 -0.242974006696 3.39348676824 17.225
0.0250054092526 0.233808395518 3.55843128227 -0.0665218736809 -0.172777468858 3.42006488278 17.25
0.0250054092526 0.233808395518 3.55843128227 -0.0549316462191 -0.108645052776 3.44389853394 17.275
0.0250054092526 0.233808395518 3.55843128227 -0.0443005003549 -0.0502611907861 3.46515430955 17.3
0.0403295796942 0.205406789788 3.55839475781 -0.0323135635455 -0.00151305827783 3.48398612539 17.325
0.0403295796942 0.205406789788 3.55839475781 -0.0213617595862 0.0424231955469 3.50056139009 17.35
0.0204748283065 0.217607189821 3.55673858527 -0.0143224167758 0.0836291965863 3.51466752248 17.375
0.0204748283065 0.217607189821 3.55673858527 -0.00797952026013 0.120433914061 3.52686879766 17.4
0.0603936972579 0.190155090925 3.5563899262 0.00360612859887 0.149052860561 3.53723391808 17.425
0.0359274973577 0.185165564132 3.56091702872 0.0105044116977 0.173384072664 3.54699740781 17.45
0.0359274973577 0.185165564132 3.56091702872 0.0166708394743 0.194464412731 3.55517108676 17.475
0.0359274973577 0.185165564132 3.56091702872 0.0221512895468 0.212525950183 3.56189759817 17.5
0.0999266092616 0.153571380453 3.5627214707 0.0364432678733 0.22312621768 3.5677157263 17.525
0.0792662619551 0.164629409122 3.56025099666 0.0463451484414 0.233146674158 3.57176133498 17.55
0.0792662619551 0.164629409122 3.56025099666 0.0552191938079 0.241019339895 3.57478057967 17.575
0.0792662619551 0.164629409122 3.56025099666 0.0631259519697 0.246934447064 3.57689459003 17.6
0.0474369881225 0.208246257395 3.56154690665 0.0654231098998 0.257516447381 3.5785059704 17.625
0.0474369881225 0.208246257395 3.56154690665 0.0672375846941 0.265992265186 3.57940057006 17.65
0.0300181556016 0.210332052465 3.54854452224 0.0660374980243 0.272855881454 3.57679612252 17.675
0.0300181556016 0.210332052465 3.54854452224 0.0646365011434 0.277952648076 3.57402599395 17.7
0.0300181556016 0.210332052465 3.54854452224 0.0630641582144 0.28145275524 3.57115718738 17.725
0.0300181556016 0.210332052465 3.54854452224 0.0613483883928 0.283518066042 3.5682494936 17.75
0.054175121486 0.193184576247 3.54090142703 0.0630835834558 0.281769365128 3.56365901163 17.775
0.054175121486 0.193184576247 3.54090142703 0.0644469205404 0.279083022125 3.55933387127 17.8
0.0329795366168 0.147145825978 3.55279582421 0.0623420076943 0.268787921022 3.5579397927 17.825
0.0458928184558 0.196346011235 3.54311809723 0.0620846596347 0.265604725107 3.55438693599 17.85
0.0458928184558 0.196346011235 3.54311809723 0.0616392558444 0.261788806764 3.55111795094 17.875
0.0458928184558 0.196346011235 3.54311809723 0.0610313044672 0.257446909936 3.54814397271 17.9
0.0825066345316 0.180805948116 3.54262308172 0.0656927936089 0.250382777305 3.54536102104 17.925
-0.392816901655 -1.56663971644 3.12285077138 -0.00039350373229 -0.0149452002647 3.4497166395 17.95
-0.392816901655 -1.56663971644 3.12285077138 -0.0614858813211 -0.260148337909 3.36569566669 17.975
-0.392816901655 -1.56663971644 3.12285077138 -0.117771739361 -0.485979757905 3.29255889174 18.0
-0.435478834275 -1.59996921899 3.09033196891 -0.175741277195 -0.698121886406 3.22234718547 18.025
-0.435478834275 -1.59996921899 3.09033196891 -0.228789765772 -0.892031255289 3.16241506713 18.05
0.0732403150462 0.183987271119 3.54683119307 -0.201987228232 -0.8049914098 3.21329924549 18.075
0.0732403150462 0.183987271119 3.54683119307 -0.176567628916 -0.721916348828 3.2605847052 18.1
0.0590231792839 0.233066109881 3.53960605352 -0.154602859627 -0.635504905159 3.30269126408 18.125
0.0719636473151 0.137290556303 3.5375308605 -0.131888957877 -0.567668179017 3.34099524625 18.15
0.0719636473151 0.137290556303 3.5375308605 -0.11046491877 -0.503075451232 3.37605582879 18.175
0.0479104330311 0.099867017177 3.54892906499 -0.0938547785701 -0.44722035652 3.41045969938 18.2
0.0479104330311 0.099867017177 3.54892906499 -0.0781980369574 -0.394105321826 3.44144401146 18.225
0.0479104330311 0.099867017177 3.54892906499 -0.0634754768291 -0.343707001387 3.46912022155 18.25
0.0653321463189 0.153538098472 3.54175996331 -0.0470935626 -0.288070288508 3.49202461942 18.275
0.0653321463189 0.153538098472 3.54175996331 -0.0318056957761 -0.235711145065 3.51208401399 18.3
0.0365040297467 0.193945761105 3.52878731986 -0.0218393554052 -0.180598973429 3.5265615492 18.325
0.0365040297467 0.193945761105 3.52878731986 -0.0125714735417 -0.129102422142 3.53883992015 18.35
0.0261515768902 0.193656016444 3.54130289861 -0.00551203504048 -0.0811734299453 3.55183695483 18.375
0.0261515768902 0.193656016444 3.54130289861 0.00100788775007 -0.0366702602362 3.56258371133 18.4
0.0261515768902 0.193656016444 3.54130289861 0.00700444922743 0.00450708301037 3.57125298119 18.425
-0.00205100493062 0.186173322223 3.54387510353 0.00832895171721 0.0413576392669 3.57859102414 18.45
-0.00205100493062 0.186173322223 3.54387510353 0.00949090684492 0.075181400645 3.58413342973 18.475
0.0721809006811 0.142682616261 3.53666078695 0.0214599532767 0.0996628351696 3.58645787449 18.5
0.101314660628 0.219289536844 3.52382105576 0.0367223055247 0.133155404667 3.58468611358 18.525
0.101314660628 0.219289536844 3.52382105576 0.0506790966989 0.163551856473 3.58217304839 18.55
0.101314660628 0.219289536844 3.52382105576 0.06338565804 0.190984332218 3.57904922167 18.575
0.0284611019687 0.0449769309151 3.54036616311 0.0641367054912 0.189839774425 3.57911061992 18.6
-0.371404186834 -1.52928566034 3.15360806358 0.0055287347188 -0.0445122437866 3.49250570742 18.625
-0.371404186834 -1.52928566034 3.15360806358 -0.0487311203696 -0.261288529362 3.41564112697 18.65
-0.371404186834 -1.52928566034 3.15360806358 -0.0988097870263 -0.461176211579 3.34796935268 18.675
-0.404430040109 -1.54916790738 3.11187933083 -0.149752402926 -0.647798743928 3.27967211711 18.7
0.108774908912 0.0907013654864 3.52785056472 -0.120662602501 -0.57645699829 3.31290731609 18.725
0.100678124399 0.0872631019953 3.52898156656 -0.0946558200629 -0.509531262073 3.34374443307 18.75
0.100678124399 0.0872631019953 3.52898156656 -0.0703829989645 -0.446393774343 3.37198713108 18.775
0.100678124399 0.0872631019953 3.52898156656 -0.0477880662506 -0.386963545424 3.39772390232 18.8
-0.433518408756 -1.54605827557 3.11004924375 -0.105718533764 -0.572408124575 3.32805589548 18.825
-0.433518408756 -1.54605827557 3.11004924375 -0.159037102638 -0.742505108235 3.26735844666 18.85
0.0296598060394 0.153176218595 3.53753273979 -0.139523619415 -0.646946192417 3.30989025913 18.875
0.0296598060394 0.153176218595 3.53753273979 -0.121140845728 -0.557039502642 3.34861959403 18.9
0.0296598060394 0.153176218595 3.53753273979 -0.103863259047 -0.47265504427 3.38367614743 18.925
0.0630036918073 0.168434231594 3.51948333566 -0.0827393752096 -0.391404231875 3.41119226149 18.95
0.0584339189601 0.169997053514 3.5247742402 -0.063727446811 -0.315346304498 3.43698342152 18.975
0.0584339189601 0.169997053514 3.5247742402 -0.0460556328619 -0.244577711359 3.45985870178 19.0
0.0834529548895 0.111352533859 3.5247139454 -0.0259856157381 -0.187602223057 3.479948683 19.025
0.0834529548895 0.111352533859 3.5247139454 -0.00745831021801 -0.134916278085 3.49742003299 19.05
0.0473586979582 0.17853779412 3.5250099151 0.00425143556199 -0.0764557300549 3.51249647041 19.075
0.0520523945865 0.188940836896 3.51933950495 0.0156428598438 -0.0212395956655 3.52400874866 19.1
0.0520523945865 0.188940836896 3.51933950495 0.0260094097615 0.0292556593685 3.5335354858 19.125
0.0520523945865 0.188940836896 3.51933950495 0.0353948804976 0.0752187602538 3.54123593789 19.15
-0.376970929372 -1.49169503276 3.1566924733 -0.01952581842 -0.13139877465 3.46677307834 19.175
-0.376970929372 -1.49169503276 3.1566924733 -0.0703785752631 -0.322732102557 3.40057486645 19.2
0.0351870869614 0.162996820833 3.51545953358 -0.0564425194811 -0.254969397889 3.42180102558 19.225
0.0351870869614 0.162996820833 3.51545953358 -0.0435183155738 -0.192244293438 3.44066980544 19.25
0.0994869848078 0.164963594959 3.51351111282 -0.0220713687856 -0.134080045235 3.45689389023 19.275
0.0990508253703 0.169506812869 3.50660138639 -0.00236972830288 -0.0799312809167 3.46956805248 19.3
-0.403908335178 -1.64476265466 3.04098249478 -0.0585663313546 -0.298310522761 3.37719745909 19.325
-0.403908335178 -1.64476265466 3.04098249478 -0.110488442458 -0.500070606698 3.29580784893 19.35
-0.403908335178 -1.64476265466 3.04098249478 -0.158305360658 -0.685872890804 3.22471081458 19.375
-0.403908335178 -1.64476265466 3.04098249478 -0.202186313866 -0.856378010132 3.16321733567 19.4
0.102809148515 0.142928959108 3.50579305136 -0.167455132061 -0.748192695688 3.21381369011 19.425
0.102809148515 0.142928959108 3.50579305136 -0.134984278658 -0.646696405334 3.26011660024 19.45
0.0859658794466 0.173713160049 3.51446239479 -0.107191129657 -0.547155574009 3.30418393971 19.475
0.0859658794466 0.173713160049 3.51446239479 -0.081321977516 -0.454283706383 3.34400028464 19.5
0.0619718721795 0.138104093955 3.51608255106 -0.06085697363 -0.373133320841 3.38009305546 19.525
0.0393970158803 0.145574651036 3.51227988002 -0.0452444274842 -0.296719040156 3.41139317648 19.55
0.0393970158803 0.145574651036 3.51227988002 -0.0308347917419 -0.226033489327 3.43903847996 19.575
0.0960723961145 0.199906795009 3.49973644275 -0.00921260456046 -0.152847483709 3.46043865905 19.6
0.0960723961145 0.199906795009 3.49973644275 0.0106403741822 -0.0856073344371 3.47891800655 19.625
0.0546563896989 0.119886881212 3.51503674936 0.0226787884211 -0.0358971228661 3.49805937923 19.65
0.0546563896989 0.119886881212 3.51503674936 0.0335713357895 0.00926535398353 3.51424570818 19.675
-0.39139065844 -1.51570289096 3.11550718388 -0.0225125793815 -0.191504707518 3.43901457977 19.7
-0.39139065844 -1.51570289096 3.11550718388 -0.0744786796676 -0.377507803046 3.3720382943 19.725
-0.614094737065 -1.58782969423 2.99129542827 -0.155378419393 -0.559964391227 3.28527091199 19.75
-0.614094737065 -1.58782969423 2.99129542827 -0.229898985743 -0.727953400402 3.2091551867 19.775
0.0710428844278 0.228256400731 3.5068192842 -0.19710307512 -0.613827761551 3.25742890937 19.8
0.0606070074991 0.15049395653 3.5171637019 -0.167913925329 -0.518916224862 3.30337294528 19.825
0.0606070074991 0.15049395653 3.5171637019 -0.140607823784 -0.430575790936 3.34462163522 19.85
0.056443916048 0.162932968603 3.50292764313 -0.115742454006 -0.346746158653 3.37824645716 19.875
0.056443916048 0.162932968603 3.50292764313 -0.0925968878541 -0.269183646167 3.40802726363 19.9
0.056443916048 0.162932968603 3.50292764313 -0.071114484798 -0.197655733766 3.43418022067 19.925
-0.344049130953 -1.49174796294 3.14593652677 -0.110393106018 -0.376334549358 3.37768440202 19.95
-0.0946211879399 0.263906294655 3.49418873484 -0.109747030923 -0.282126413703 3.40492638762 19.975
