3 1.00794494929 5.05997877429 1.05 5.15 1.0225107192993166 5.093053531646729 0 6
3 0.944653734848 5.12195020882 1.05 5.15 0.9735033035278322 5.116499614715576 0 5
3 0.968300488556 5.04578550491 1.05 5.15 0.9768695354461672 5.026976776123047 0 7
3 0.928813761432 5.05034841878 1.05 5.15 0.9950253486633303 5.093545389175415 21 5
3 1.11513962034 5.15673830334 1.05 5.15 1.2091509819030763 5.202710342407227 0 6
3 0.952998901949 5.00221681197 1.05 5.15 1.0467564582824709 5.123935890197754 3 6
3 1.05086299176 5.1396662064 1.05 5.15 1.1294700622558596 5.1860401153564455 0 6
3 0.957672784033 5.05829048351 1.05 5.15 0.9849583625793459 5.102319550514221 0 7
3 0.976626676573 5.09004950762 1.05 5.15 1.0025891780853273 5.12226254940033 0 7
3 1.00251924557 5.06079209248 1.05 5.15 1.0348655700683596 5.107294631004334 0 5
3 0.984472686348 5.07983225536 1.05 5.15 1.0218469619750978 5.131024551391602 0 6
3 0.979882787357 5.08353050401 1.05 5.15 0.99447078704834 5.1435691833496096 0 6
3 0.98740852357 5.11514353785 1.05 5.15 1.0204007148742678 5.135857892036438 0 6
3 1.04492578065 5.13117454414 1.05 5.15 1.0743474483489992 5.149016928672791 0 6
3 0.988335055778 5.0694204487 1.05 5.15 1.0339970111846926 5.117790412902832 5 7
3 0.982147502556 5.12353625195 1.05 5.15 1.0191716670989992 5.185464215278626 0 6
3 0.974967052817 5.11029150012 1.05 5.15 0.999755096435547 5.166878294944763 0 6
3 0.904895027657 5.11704155129 1.05 5.15 1.0330922126770021 5.165739250183106 0 6
3 0.951473044237 5.11131949709 1.05 5.15 0.9804756164550783 5.151084017753601 0 6
3 0.978905808667 5.11767880248 1.05 5.15 1.029023838043213 5.16515703201294 0 6
5 6.33388515403 5.11311489253 6.4 5.15 6.3734931468963625 5.149979782104492 0 6
5 6.36831877261 5.09867406345 6.4 5.15 6.414740037918091 5.136390161514282 0 6
5 6.33336358913 5.11831078244 6.4 5.15 6.37241382598877 5.160357546806336 0 6
5 6.3714224155 5.18221280455 6.4 5.15 6.418886375427246 5.225087714195252 0 6
5 6.43787966997 5.22463779096 6.4 5.15 6.485799503326416 5.257237148284912 0 7
5 6.35967836423 5.0931351186 6.4 5.15 6.412767362594605 5.097660732269287 0 7
5 6.42788507706 5.17503625109 6.4 5.15 6.477628421783447 5.213079524040222 0 6
5 6.37057126976 5.14241946813 6.4 5.15 6.412367534637451 5.17727906703949 12 7
5 6.44297286297 5.17277845932 6.4 5.15 6.502906274795532 5.221028280258179 0 7
5 6.40666022799 5.16420285474 6.4 5.15 6.449898672103882 5.208336663246155 0 6
5 6.37985576923 5.14705486409 6.4 5.15 6.409261655807495 5.179027271270752 0 7
5 6.28311281789 5.12561899067 6.4 5.15 6.314990711212158 5.161284995079041 6 7
5 6.34633943716 5.13611742605 6.4 5.15 6.381385040283203 5.1761805534362795 0 7
5 6.38122421452 5.07637851318 6.4 5.15 6.423736524581909 5.112083268165589 0 6
5 6.34140583492 5.13174630449 6.4 5.15 6.374122571945191 5.149389457702637 0 6
5 6.26412480954 5.10895620799 6.4 5.15 6.285632562637329 5.139478993415833 0 7
5 6.31795448808 5.13058675765 6.4 5.15 6.355277252197266 5.170647096633911 0 7
5 6.29229087864 5.10626713316 6.4 5.15 6.319986057281494 5.136232447624207 6 7
5 6.3484629662 5.14710198058 6.4 5.15 6.3857824325561525 5.182968091964722 0 6
5 6.26861282051 5.13430374472 6.4 5.15 6.307524633407593 5.175657463073731 0 7
4 3.63461880944 5.15376392541 3.65 5.15 3.65084498077631 5.198887419700623 0 6
4 3.62017348425 5.15223205953 3.65 5.15 3.6429772272706034 5.190105271339417 0 6
4 3.57744344783 5.10914559994 3.65 5.15 3.6057379812002184 5.156445574760437 0 6
4 3.60843046514 5.07850067586 3.65 5.15 3.6247779026627542 5.114862155914307 0 7
4 3.57602241497 5.15380616655 3.65 5.15 3.6299597665667536 5.1864169359207155 0 6
4 3.55666870286 5.09150622067 3.65 5.15 3.5957755342125894 5.138551545143128 0 7
4 3.5715853488 5.09230306827 3.65 5.15 3.542082142829895 5.139602017402649 0 7
4 3.59190247936 5.05422141843 3.65 5.15 3.634036456048489 5.102376532554627 0 6
4 3.59102365258 5.11057688309 3.65 5.15 3.6417989291250707 5.1603618383407595 0 6
4 3.59534439512 5.11372945965 3.65 5.15 3.6509316720068457 5.162149143218994 0 6
4 3.58376158524 5.08765935207 3.65 5.15 3.6307440966367723 5.144059252738953 0 6
4 3.53062728571 5.0934789955 3.65 5.15 3.5711188286542894 5.148639273643494 0 7
4 3.65049339953 5.09042909674 3.65 5.15 3.6978907397016885 5.136422824859619 0 6
4 3.62464324513 5.14292577485 3.65 5.15 3.665843014419079 5.1885174036026 0 6
4 3.60844693917 5.13092013293 3.65 5.15 3.664889504015446 5.18020350933075 0 6
4 3.56681759652 5.13410020386 3.65 5.15 3.608321611583233 5.179480981826782 0 6
4 3.5192261046 5.16064665866 3.65 5.15 3.555264261364937 5.20996744632721 37 7
4 3.59683523812 5.08261379139 3.65 5.15 3.6555897787213327 5.121526432037354 0 6
4 3.5898002177 5.09563042335 3.65 5.15 3.6405098892748358 5.139775824546814 0 6
4 3.61532863328 5.11123918807 3.65 5.15 3.686495986580849 5.160705280303955 0 6
