-1.44310118902 -0.538882935278 -0.495138759061 -1.44310118902 -0.538882935278 -0.495138759061 0.0
-1.43425398398 -0.52284122442 -0.481888402706 -1.43869322256 -0.530890431072 -0.482286602506 0.025
-1.43425398398 -0.52284122442 -0.481888402706 -1.43707385409 -0.52795419972 -0.479791294269 0.05
-1.43619767844 -0.522318779379 -0.468037757481 -1.43668777234 -0.526073703339 -0.469611030804 0.075
-1.43619767844 -0.522318779379 -0.468037757481 -1.43640649699 -0.524707069279 -0.465536353066 0.1
-1.43689932688 -0.520608414014 -0.451308918662 -1.436377888 -0.523185546294 -0.454623847794 0.125
-1.43689932688 -0.520608414014 -0.451308918662 -1.43637664465 -0.52196385504 -0.449133029978 0.15
-1.43689932688 -0.520608414014 -0.451308918662 -1.4363968526 -0.521007298864 -0.447087034511 0.175
-1.43847371026 -0.520470710735 -0.439184503972 -1.43684271379 -0.520248600721 -0.440531179378 0.2
-1.43847371026 -0.520470710735 -0.439184503972 -1.43722829168 -0.519691915071 -0.437416041112 0.225
-1.43847371026 -0.520470710735 -0.439184503972 -1.43755265648 -0.519297105735 -0.436440270603 0.25
-1.44450783565 -0.52000667734 -0.408180607438 -1.43930453532 -0.518913050937 -0.420743603907 0.275
-1.44450783565 -0.52000667734 -0.408180607438 -1.44074917604 -0.518642912223 -0.411223833306 0.3
-1.44604052709 -0.520972739317 -0.388738289381 -1.44228566877 -0.518682842531 -0.396595581486 0.325
-1.45178835565 -0.521546245117 -0.357276870647 -1.44482786896 -0.51887956027 -0.373355586948 0.35
-1.45178835565 -0.521546245117 -0.357276870647 -1.44693017371 -0.519074615237 -0.358400459274 0.375
-1.45178835565 -0.521546245117 -0.357276870647 -1.44866797968 -0.519265382169 -0.349111530508 0.4
-1.44955829946 -0.5196492566 -0.357487372753 -1.44965027352 -0.519065161751 -0.343771297059 0.425
-1.44955829946 -0.5196492566 -0.357487372753 -1.4504470639 -0.518915797498 -0.341037432972 0.45
-1.45319879153 -0.520327074353 -0.333254822201 -1.45179145434 -0.518939723871 -0.331118467323 0.475
-1.45319879153 -0.520327074353 -0.333254822201 -1.45291049133 -0.518981992447 -0.324666486987 0.5
-1.45319879153 -0.520327074353 -0.333254822201 -1.45383625326 -0.51903985586 -0.320715806383 0.525
-1.45754815818 -0.519696452339 -0.311358774101 -1.45539001827 -0.518995682031 -0.311321717036 0.55
-1.45754815818 -0.519696452339 -0.311358774101 -1.4567052246 -0.5189761252 -0.304872411999 0.575
-1.45754815818 -0.519696452339 -0.311358774101 -1.4578094421 -0.518977806878 -0.300636858787 0.6
-1.45754815818 -0.519696452339 -0.311358774101 -1.45872523678 -0.518997745055 -0.298068535246 0.625
-1.45754815818 -0.519696452339 -0.311358774101 -1.45947156168 -0.519033225514 -0.296756120273 0.65
-1.4630563834 -0.520845872667 -0.281044975094 -1.46103893731 -0.519284978897 -0.287781991928 0.675
-1.4630563834 -0.520845872667 -0.281044975094 -1.4623740486 -0.519527721416 -0.281149631769 0.7
-1.4630563834 -0.520845872667 -0.281044975094 -1.46349663868 -0.519760424349 -0.27637591891 0.725
-1.49648959799 -0.52254420259 -0.081959551197 -1.47033619398 -0.520282271072 -0.22060810179 0.75
-1.49648959799 -0.52254420259 -0.081959551197 -1.47644418249 -0.520763759328 -0.175071324868 0.775
-1.49648959799 -0.52254420259 -0.081959551197 -1.48186098698 -0.521205169943 -0.138043527292 0.8
-1.49727861032 -0.52176624271 -0.0618129459047 -1.48676624485 -0.521469065405 -0.103134748807 0.825
-1.49727861032 -0.52176624271 -0.0618129459047 -1.49104722595 -0.521707206393 -0.0750069921874 0.85
-1.49727861032 -0.52176624271 -0.0618129459047 -1.49474601062 -0.521920174387 -0.0526244875634 0.875
-1.49714916939 -0.52290628507 -0.033759514645 -1.49788290843 -0.522310612357 -0.0284775207347 0.9
-1.49714916939 -0.52290628507 -0.033759514645 -1.50052698725 -0.522658154462 -0.00947820558844 0.925
-1.49826652843 -0.522309524987 -0.0134717202176 -1.50291896485 -0.522859877157 0.00980146375498 0.95
-1.49913522225 -0.523514965471 0.00688915264765 -1.50503822189 -0.523245374329 0.0292969830828 0.975
-1.49913522225 -0.523514965471 0.00688915264765 -1.50676000043 -0.523584004067 0.0442911817879 1.0
-1.49913522225 -0.523514965471 0.00688915264765 -1.50812626246 -0.523879056763 0.0553758389422 1.025
-1.50000355432 -0.523848458953 0.0304852129199 -1.5093269259 -0.524191564847 0.068399595242 1.05
-1.50000355432 -0.523848458953 0.0304852129199 -1.51023377686 -0.524461354044 0.0778144244927 1.075
-1.50146153548 -0.523134534157 0.0556039824968 -1.5111311762 -0.52457005673 0.0897334238115 1.1
-1.50146153548 -0.523134534157 0.0556039824968 -1.51177740995 -0.524655344887 0.0982547593751 1.125
-1.50250284703 -0.525657965105 0.0842828710085 -1.51237913684 -0.525144832892 0.110239321435 1.15
-1.50250284703 -0.525657965105 0.0842828710085 -1.51277176104 -0.525573254706 0.118910308217 1.175
-1.50250284703 -0.525657965105 0.0842828710085 -1.51298212785 -0.525945779666 0.124711941303 1.2
-1.50302575389 -0.525718165597 0.099534703879 -1.51312061091 -0.526277193282 0.131451779831 1.225
-1.50414293647 -0.527800071354 0.125435960938 -1.51329709116 -0.526901737854 0.141463804937 1.25
-1.50414293647 -0.527800071354 0.125435960938 -1.51333115996 -0.527450091283 0.148652081351 1.275
-1.50512037443 -0.527836044728 0.145082352832 -1.51339971627 -0.52793449768 0.157784070528 1.3
-1.50512037443 -0.527836044728 0.145082352832 -1.51334747388 -0.528354575186 0.164314925202 1.325
-1.50512037443 -0.527836044728 0.145082352832 -1.51319107909 -0.528715877351 0.168612901716 1.35
-1.50512037443 -0.527836044728 0.145082352832 -1.51294549534 -0.529023519511 0.171017512279 1.375
-1.50628253255 -0.528774631202 0.178255702713 -1.51280662572 -0.529429554231 0.179226100389 1.4
-1.50628253255 -0.528774631202 0.178255702713 -1.51258745552 -0.529777485567 0.185235550991 1.425
-1.50628253255 -0.528774631202 0.178255702713 -1.51230009654 -0.530072254141 0.18936076494 1.45
-1.5068304269 -0.529258516269 0.199039986367 -1.51204008096 -0.530393104245 0.196516184423 1.475
-1.5068304269 -0.529258516269 0.199039986367 -1.5117252699 -0.530662922238 0.201774924313 1.5
-1.50729184793 -0.529390985308 0.211350395113 -1.51143573065 -0.530906289973 0.208151051298 1.525
-1.50775519864 -0.531106747167 0.232070775822 -1.51117398478 -0.531366446855 0.217431890969 1.55
-1.50775519864 -0.531106747167 0.232070775822 -1.51087167928 -0.531763513891 0.224697444915 1.575
-1.50782466082 -0.531108234465 0.244241482586 -1.51054722323 -0.532102695216 0.232918651593 1.6
-1.50782466082 -0.531108234465 0.244241482586 -1.51019644077 -0.532388383766 0.239303943131 1.625
-1.50782466082 -0.531108234465 0.244241482586 -1.50982595374 -0.532624912493 0.24409816464 1.65
-1.50855436777 -0.53075944181 0.26295516556 -1.50955116143 -0.532764063643 0.25168373429 1.675
-1.50855436777 -0.53075944181 0.26295516556 -1.50925914572 -0.532866245929 0.25760254457 1.7
-1.5091334133 -0.533870994423 0.291042215391 -1.50904179288 -0.533399305946 0.268313044144 1.725
-1.5091334133 -0.533870994423 0.291042215391 -1.50881055964 -0.533864144132 0.277020792311 1.75
-1.5091334133 -0.533870994423 0.291042215391 -1.50857025012 -0.534265730288 0.283960679626 1.775
-1.50953381591 -0.534529896515 0.308852422626 -1.50838470611 -0.534706714461 0.293305265797 1.8
-1.50953381591 -0.534529896515 0.308852422626 -1.50819350316 -0.535085764947 0.30082148505 1.825
-1.50992780701 -0.533119750677 0.321866936795 -1.50805876812 -0.535198257199 0.309616223352 1.85
-1.50992780701 -0.533119750677 0.321866936795 -1.50792063229 -0.535274493364 0.316651443002 1.875
-1.50992780701 -0.533119750677 0.321866936795 -1.50778215917 -0.535317922384 0.322137339734 1.9
-1.51071795523 -0.536771917943 0.346326196342 -1.50776309942 -0.535872932642 0.331699369124 1.925
-1.51071795523 -0.536771917943 0.346326196342 -1.50773947126 -0.536358842714 0.339429869885 1.95
-1.51071795523 -0.536771917943 0.346326196342 -1.50771366847 -0.536780487597 0.345539125119 1.975
-1.51071795523 -0.536771917943 0.346326196342 -1.50768776367 -0.537142510336 0.350223756238 2.0
-1.5111933677 -0.538018366564 0.362400074266 -1.50773391382 -0.537633901501 0.357235199533 2.025
-1.5111933677 -0.538018366564 0.362400074266 -1.5077777076 -0.53805992163 0.362741948383 2.05
-1.51138675786 -0.537417528866 0.371332464223 -1.50784924843 -0.538336346981 0.368911912671 2.075
-1.51108171323 -0.537768889391 0.384539567328 -1.50787374885 -0.538615655599 0.376625483124 2.1
-1.51108171323 -0.537768889391 0.384539567328 -1.50790102698 -0.538845843869 0.382770016813 2.125
-1.51130599207 -0.539448221215 0.391273327428 -1.50796506265 -0.539279583221 0.38902612103 2.15
-1.51130599207 -0.539448221215 0.391273327428 -1.50803065747 -0.539652704189 0.393891006847 2.175
-1.51130599207 -0.539448221215 0.391273327428 -1.50809836515 -0.539969750513 0.397537836875 2.2
-1.51162760663 -0.540258470763 0.398891779402 -1.50821620417 -0.540355030744 0.401818988173 2.225
-1.51162760663 -0.540258470763 0.398891779402 -1.50833311886 -0.540683399921 0.404987312237 2.25
-1.51162760663 -0.540258470763 0.398891779402 -1.50844943706 -0.540959272392 0.40719383467 2.275
-1.51217083189 -0.539695034274 0.411729756715 -1.50864579026 -0.541103497642 0.411427909292 2.3
-1.51217083189 -0.539695034274 0.411729756715 -1.50883561017 -0.541210083944 0.414622070851 2.325
-1.51205494119 -0.542623406968 0.426226954409 -1.50900207657 -0.541716022035 0.420134099221 2.35
-1.51205494119 -0.542623406968 0.426226954409 -1.50916395448 -0.542157361573 0.424484183503 2.375
-1.51224108439 -0.543601689539 0.436692435771 -1.50934894547 -0.542683521978 0.430139144345 2.4
-1.51224108439 -0.543601689539 0.436692435771 -1.50952745743 -0.543142876668 0.434627314966 2.425
-1.51232464344 -0.543800379623 0.445119889425 -1.50971201667 -0.54356960478 0.439961022157 2.45
-1.51232464344 -0.543800379623 0.445119889425 -1.50988942468 -0.543936613756 0.44417427522 2.475
-1.51285200735 -0.542796302741 0.451075354483 -1.5101378307 -0.54409992153 0.448725845407 2.5
-1.51231306917 -0.542397893836 0.463400001122 -1.5102935333 -0.54416512823 0.454996339915 2.525
-1.51236381589 -0.543575624475 0.485304408331 -1.51045036484 -0.544373629846 0.464908431044 2.55
-1.51236381589 -0.543575624475 0.485304408331 -1.51060032773 -0.544540917119 0.473150368204 2.575
-1.51236290337 -0.545109299111 0.506462863647 -1.51074339889 -0.544897446749 0.484588523741 2.6
-1.51236290337 -0.545109299111 0.506462863647 -1.51087983039 -0.545202206716 0.494116951337 2.625
-1.51234946641 -0.546688769446 0.523086497727 -1.51100773936 -0.545692762982 0.505614264155 2.65
-1.5127717526 -0.547529546496 0.531838320029 -1.51119178723 -0.546245509974 0.517064722438 2.675
-1.5127717526 -0.547529546496 0.531838320029 -1.51136475911 -0.546730923325 0.526489113641 2.7
-1.51250085151 -0.546904012945 0.540868895665 -1.51148692223 -0.547061281697 0.536097042155 2.725
-1.51250085151 -0.546904012945 0.540868895665 -1.51160175592 -0.54734082476 0.543836007852 2.75
-1.51250085151 -0.546904012945 0.540868895665 -1.51170944068 -0.547573627616 0.549907142195 2.775
-1.5123900693 -0.546340309523 0.549991261996 -1.51179379331 -0.54768030153 0.556526187813 2.8
-1.51209691405 -0.546909213664 0.560105824985 -1.5118293429 -0.54783845064 0.56384783011 2.825
-1.51209691405 -0.546909213664 0.560105824985 -1.51186294098 -0.547960724386 0.569539720096 2.85
-1.51237295585 -0.548624407165 0.56837765597 -1.51193537991 -0.548303913968 0.575629884447 2.875
-1.48053938782 -0.546226533397 0.763661202048 -1.50729982106 -0.54824374753 0.623587123796 2.9
-1.48053938782 -0.546226533397 0.763661202048 -1.50302765663 -0.548166087405 0.664985379474 2.925
-1.48053938782 -0.546226533397 0.763661202048 -1.49910396639 -0.548073500682 0.700336974595 2.95
-1.48053938782 -0.546226533397 0.763661202048 -1.49551386294 -0.547968391415 0.730141828627 2.975
-1.48053938782 -0.546226533397 0.763661202048 -1.49224250045 -0.547853002894 0.754886408234 3.0
-1.47880257291 -0.544481428108 0.77727945049 -1.48901852744 -0.547471634356 0.778065270445 3.025
-1.47880257291 -0.544481428108 0.77727945049 -1.48610387651 -0.547104185439 0.796744104776 3.05
-1.47846707161 -0.545010552956 0.782898817391 -1.48343354802 -0.546829772 0.812631825595 3.075
-1.47846707161 -0.545010552956 0.782898817391 -1.48104566202 -0.546564922776 0.824772100513 3.1
-1.47762638178 -0.548257911352 0.792272368546 -1.47880070613 -0.546790240711 0.835677244069 3.125
-1.47762638178 -0.548257911352 0.792272368546 -1.47681743291 -0.546989267917 0.843423829258 3.15
-1.47762638178 -0.548257911352 0.792272368546 -1.47508050054 -0.547164184673 0.848415033364 3.175
-1.47719892119 -0.548950624478 0.800387739665 -1.47351166178 -0.547419369721 0.852831459414 3.2
-1.47719892119 -0.548950624478 0.800387739665 -1.47216416439 -0.547646422679 0.855007574778 3.225
-1.47596289284 -0.548644340837 0.808539288362 -1.47084068643 -0.547802245498 0.857096197854 3.25
-1.47582435211 -0.547417572482 0.811794986377 -1.46970322022 -0.547756443792 0.858108750476 3.275
-1.47582435211 -0.547417572482 0.811794986377 -1.46875918833 -0.547706197559 0.857541129036 3.3
-1.47303176875 -0.548476574528 0.823771915525 -1.46758175532 -0.54780903898 0.85833814836 3.325
-1.47303176875 -0.548476574528 0.823771915525 -1.46660179633 -0.547897294699 0.857779396768 3.35
-1.47303176875 -0.548476574528 0.823771915525 -1.46580450181 -0.54797237165 0.856121585691 3.375
-1.47303176875 -0.548476574528 0.823771915525 -1.46517551302 -0.548035585953 0.853596951869 3.4
-1.47367741604 -0.55095425335 0.821294582462 -1.46479631389 -0.548454156104 0.849864049449 3.425
-1.47367741604 -0.55095425335 0.821294582462 -1.46455066871 -0.548834588192 0.845725000247 3.45
-1.47405976812 -0.551307455971 0.824013837268 -1.46448246784 -0.549231288542 0.84194249813 3.475
-1.47405976812 -0.551307455971 0.824013837268 -1.46451874231 -0.549590156248 0.837977761232 3.5
-1.47350750485 -0.551031312413 0.822780826909 -1.46456655781 -0.549872649274 0.833680046908 3.525
-1.47350750485 -0.551031312413 0.822780826909 -1.46470305956 -0.550124926058 0.829460543958 3.55
-1.47350750485 -0.551031312413 0.822780826909 -1.46491771655 -0.550348960109 0.825403953884 3.575
-1.47444014669 -0.549462520476 0.812722247967 -1.46533831127 -0.550314924714 0.81934615696 3.6
-1.47444014669 -0.549462520476 0.812722247967 -1.46580686953 -0.550274523209 0.813844702178 3.625
-1.47747023093 -0.549697629418 0.792715383781 -1.46676253394 -0.550263508801 0.804481472749 3.65
-1.47747023093 -0.549697629418 0.792715383781 -1.46771480411 -0.550245391492 0.796247251838 3.675
-1.47747023093 -0.549697629418 0.792715383781 -1.4686577674 -0.550221171881 0.789107171753 3.7
-1.47605489961 -0.55057373151 0.78923231894 -1.46937698931 -0.550321193831 0.782243931438 3.725
-1.4794966211 -0.548646062193 0.767897981123 -1.47060142015 -0.550122052866 0.771736907347 3.75
-1.4794966211 -0.548646062193 0.767897981123 -1.47177788648 -0.549931993676 0.762832024179 3.775
-1.4794966211 -0.548646062193 0.767897981123 -1.47290350801 -0.549751266314 0.755422454858 3.8
-1.48184985257 -0.551116221631 0.75326432618 -1.47432347997 -0.549944924955 0.746149475451 3.825
-1.48184985257 -0.551116221631 0.75326432618 -1.47566106785 -0.550119677472 0.738542882037 3.85
-1.48184985257 -0.551116221631 0.75326432618 -1.47691589191 -0.550276765585 0.732463433469 3.875
-1.51136201359 -0.553341816385 0.567671536297 -1.48244716911 -0.550746115408 0.686576228784 3.9
-1.51136201359 -0.553341816385 0.567671536297 -1.48755493821 -0.551174393714 0.646941334428 3.925
-1.51136201359 -0.553341816385 0.567671536297 -1.49225391811 -0.55156373674 0.613100812059 3.95
-1.51145113793 -0.555172578929 0.5483759713 -1.49657233008 -0.552186648564 0.580318185886 3.975
-1.51145113793 -0.555172578929 0.5483759713 -1.50051133592 -0.552753584181 0.552949432381 4.0
-1.51124684686 -0.554990586514 0.529734594756 -1.504056415 -0.55324051523 0.526384569319 4.025
-1.51124684686 -0.554990586514 0.529734594756 -1.50725596771 -0.553679231232 0.504802343528 4.05
-1.51124684686 -0.554990586514 0.529734594756 -1.51012591933 -0.554072399493 0.487721821384 4.075
-1.51153802026 -0.555755479519 0.508330812091 -1.51272530952 -0.554535614388 0.469926291876 4.1
-1.51153802026 -0.555755479519 0.508330812091 -1.51502384791 -0.554949612497 0.456295176971 4.125
-1.51139603974 -0.55536475586 0.493477009375 -1.51701678391 -0.555259544273 0.443065050657 4.15
-1.51139603974 -0.55536475586 0.493477009375 -1.51874289729 -0.55553044225 0.433488132189 4.175
-1.51152310061 -0.55524668476 0.481923539912 -1.52023694923 -0.555747422047 0.424551655465 4.2
-1.51152310061 -0.55524668476 0.481923539912 -1.52149453902 -0.55593177793 0.418707479294 4.225
-1.5115286081 -0.555464049979 0.47068435646 -1.52253216954 -0.556117980653 0.413042140394 4.25
-1.5115423076 -0.555643517313 0.463734098439 -1.52336642307 -0.556300211876 0.40841823997 4.275
-1.5115423076 -0.555643517313 0.463734098439 -1.5240102586 -0.556452208422 0.406181100978 4.3
-1.51132484369 -0.556193443384 0.459268512031 -1.52444636353 -0.556657525354 0.404970328362 4.325
-1.51147500844 -0.555537845452 0.450589885073 -1.52474598385 -0.556733989062 0.403629880301 4.35
-1.51147500844 -0.555537845452 0.450589885073 -1.52489911874 -0.556788440527 0.403999052354 4.375
-1.51147500844 -0.555537845452 0.450589885073 -1.52491931016 -0.556822912366 0.405769634831 4.4
-1.51168821864 -0.554530423623 0.446118614732 -1.52485111986 -0.55669054919 0.407668492069 4.425
-1.51168821864 -0.554530423623 0.446118614732 -1.52467316207 -0.556553661295 0.410555007464 4.45
-1.51168821864 -0.554530423623 0.446118614732 -1.52439759019 -0.556413546482 0.41419416386 4.475
-1.51168821864 -0.554530423623 0.446118614732 -1.52403602091 -0.556271414177 0.418376484469 4.5
-1.51206862338 -0.555054208775 0.440626493257 -1.52365570784 -0.556205751806 0.421697976117 4.525
-1.51206862338 -0.555054208775 0.440626493257 -1.52320656768 -0.556134170411 0.425364292236 4.55
-1.51206862338 -0.555054208775 0.440626493257 -1.52269871217 -0.556057863083 0.429226699423 4.575
-1.51214657929 -0.553807842751 0.440715389248 -1.52215319217 -0.555793841208 0.433177193163 4.6
-1.51211721312 -0.5545586089 0.442817649893 -1.52156221295 -0.555652527153 0.437552206592 4.625
-1.51211721312 -0.5545586089 0.442817649893 -1.52093887017 -0.555514701914 0.441738803887 4.65
-1.51211721312 -0.5545586089 0.442817649893 -1.52029099499 -0.555380993226 0.445667868301 4.675
-1.51265526082 -0.555617444099 0.443625491145 -1.51970532369 -0.555408348051 0.449465031712 4.7
-1.51265526082 -0.555617444099 0.443625491145 -1.51910286602 -0.555428603879 0.452889519403 4.725
-1.51282345778 -0.555723724938 0.44508961701 -1.51851487299 -0.555458362389 0.456240612881 4.75
-1.51237478589 -0.556488870655 0.449100286241 -1.51785415421 -0.555594548138 0.460029569689 4.775
-1.51237478589 -0.556488870655 0.449100286241 -1.51719759353 -0.555716117544 0.463255870939 4.8
-1.51295844281 -0.557161758952 0.453764224261 -1.5166361053 -0.555923577798 0.466968043053 4.825
-1.51295844281 -0.557161758952 0.453764224261 -1.51608094415 -0.556110816983 0.470025613107 4.85
-1.51295844281 -0.557161758952 0.453764224261 -1.51553612303 -0.5562791522 0.472463138915 4.875
-1.51295844281 -0.557161758952 0.453764224261 -1.51500519928 -0.556429845265 0.474319967022 4.9
-1.51296250259 -0.55384385442 0.46401499281 -1.51449189391 -0.556074029771 0.477914483787 4.925
-1.51296250259 -0.55384385442 0.46401499281 -1.51399826599 -0.555741297695 0.480740753692 4.95
-1.51296250259 -0.55384385442 0.46401499281 -1.5135266282 -0.555431192478 0.48286398379 4.975
-1.51346325418 -0.553523088833 0.469632790258 -1.51315288367 -0.55509583046 0.485597133037 5.0
-1.51405584811 -0.554708040919 0.473806344279 -1.51288639544 -0.55496077371 0.488534143525 5.025
-1.51405584811 -0.554708040919 0.473806344279 -1.51263427473 -0.554836553665 0.490711007842 5.05
-1.51428517887 -0.555269419232 0.479032846714 -1.51243185755 -0.554805864309 0.493368449385 5.075
-1.51428517887 -0.555269419232 0.479032846714 -1.51224379368 -0.554779035256 0.495283907623 5.1
-1.51479828036 -0.554346815918 0.484745840459 -1.51214688732 -0.554619763424 0.497810244567 5.125
-1.51479828036 -0.554346815918 0.484745840459 -1.51206018756 -0.554474931575 0.499606849314 5.15
-1.51479828036 -0.554346815918 0.484745840459 -1.51198447915 -0.554344020972 0.500761378058 5.175
-1.51511961946 -0.551701253034 0.494808380103 -1.5119678033 -0.553835724547 0.503590900724 5.2
-1.51511961946 -0.551701253034 0.494808380103 -1.51195936969 -0.553370834266 0.505669642471 5.225
-1.51511961946 -0.551701253034 0.494808380103 -1.51195954723 -0.5529475271 0.507089301517 5.25
-1.51563180395 -0.552012896354 0.502892689741 -1.51204420349 -0.552609999557 0.509730981188 5.275
-1.51563180395 -0.552012896354 0.502892689741 -1.51213184078 -0.55230677403 0.511663702733 5.3
-1.51613274027 -0.552769400028 0.511625750339 -1.5122966458 -0.552147891406 0.514915936426 5.325
-1.51613274027 -0.552769400028 0.511625750339 -1.51245892255 -0.552011167359 0.517398274983 5.35
-1.51613274027 -0.552769400028 0.511625750339 -1.51261889908 -0.551895266903 0.519204654613 5.375
-1.5166829294 -0.55107558966 0.520048317956 -1.51285798726 -0.551548680045 0.522292783556 5.4
-1.51758218297 -0.551776222716 0.529827165533 -1.51322145958 -0.551343355357 0.526819044752 5.425
-1.51782188599 -0.55006359525 0.535174652089 -1.51360177307 -0.550912652665 0.531627377996 5.45
-1.51782188599 -0.55006359525 0.535174652089 -1.51396139708 -0.550527605952 0.535488903894 5.475
-1.51782188599 -0.55006359525 0.535174652089 -1.51430104847 -0.550185704718 0.538509177103 5.5
-1.51782188599 -0.55006359525 0.535174652089 -1.51462140912 -0.549884471526 0.54078772705 5.525
-1.51853883553 -0.550390946814 0.540804021857 -1.51502903008 -0.549669818402 0.543667556902 5.55
-1.51888460003 -0.551882493731 0.546960823471 -1.51546142608 -0.54970752184 0.54720137702 5.575
-1.51938771503 -0.549573698614 0.550420581636 -1.51593879042 -0.549416807213 0.550715623431 5.6
-1.51938771503 -0.549573698614 0.550420581636 -1.51638209045 -0.549163948467 0.553444696059 5.625
-1.51938771503 -0.549573698614 0.550420581636 -1.51679264841 -0.54894647056 0.555484064905 5.65
-1.51938771503 -0.549573698614 0.550420581636 -1.51717177635 -0.548761957428 0.556923039333 5.675
-1.52090300786 -0.548380019411 0.556434183885 -1.51774459523 -0.548431742031 0.559179614164 5.7
-1.52090300786 -0.548380019411 0.556434183885 -1.51827106232 -0.548143651695 0.560833926104 5.725
-1.52146242567 -0.550491671711 0.564665180149 -1.5188358066 -0.548206810266 0.563794442243 5.75
-1.52146242567 -0.550491671711 0.564665180149 -1.51935172076 -0.54828219271 0.566087737851 5.775
-1.52172489662 -0.547321700875 0.570856348827 -1.51985981543 -0.547899938997 0.569171889243 5.8
-1.52172489662 -0.547321700875 0.570856348827 -1.52032051591 -0.54756336564 0.571583761514 5.825
-1.52172489662 -0.547321700875 0.570856348827 -1.52073615778 -0.547269502859 0.573406317249 5.85
-1.52298649976 -0.546586137458 0.575467002261 -1.52129540322 -0.546906817004 0.575740233655 5.875
-1.52298649976 -0.546586137458 0.575467002261 -1.52179961178 -0.546589658673 0.577509454883 5.9
-1.52721579236 -0.549647654877 0.571857089337 -1.52287633453 -0.546767173024 0.577986796724 5.925
-1.52721579236 -0.549647654877 0.571857089337 -1.52385480883 -0.546948790105 0.57813948027 5.95
-1.49381059873 -0.542712955321 0.765576775917 -1.51980566811 -0.546108778548 0.621024441273 5.975
-1.49381059873 -0.542712955321 0.765576775917 -1.51605401995 -0.545350271759 0.658473151484 6.0
-1.49381059873 -0.542712955321 0.765576775917 -1.51258881882 -0.544668758081 0.690869845134 6.025
-1.49304053121 -0.542116461141 0.768873552962 -1.50928522778 -0.54397171737 0.719324916837 6.05
-1.49304053121 -0.542116461141 0.768873552962 -1.50625475817 -0.543349837297 0.743389917513 6.075
-1.49304053121 -0.542116461141 0.768873552962 -1.50348588005 -0.542798625066 0.763435234458 6.1
-1.49530182775 -0.545324419241 0.766419397572 -1.5013010537 -0.542787528952 0.779277668294 6.125
-1.49530182775 -0.545324419241 0.766419397572 -1.49932858209 -0.542801348431 0.791879409352 6.15
-1.49552528794 -0.540580624287 0.776242814866 -1.49759101348 -0.542136745014 0.803756320542 6.175
-1.49727790185 -0.539460446789 0.77327496436 -1.49630121602 -0.541381260833 0.812126713499 6.2
-1.49727790185 -0.539460446789 0.77327496436 -1.49516981492 -0.540708655136 0.818054429486 6.225
-1.49727790185 -0.539460446789 0.77327496436 -1.49418748807 -0.540113874636 0.821843864291 6.25
-1.49727790185 -0.539460446789 0.77327496436 -1.49334502957 -0.539591992876 0.823782863094 6.275
-1.49824085239 -0.539296407081 0.774306920058 -1.49277560667 -0.539113984447 0.824370926366 6.3
-1.49824085239 -0.539296407081 0.774306920058 -1.49231694825 -0.538701314582 0.823603542214 6.325
-1.49824085239 -0.539296407081 0.774306920058 -1.49196078743 -0.538349383877 0.821716318584 6.35
-1.49824085239 -0.539296407081 0.774306920058 -1.49169906114 -0.538053735845 0.81892603298 6.375
-1.49824085239 -0.539296407081 0.774306920058 -1.49152392877 -0.537810060813 0.815430544871 6.4
-1.49976235522 -0.540785088817 0.775104892361 -1.49165252431 -0.537834086869 0.811586018243 6.425
-1.49976235522 -0.540785088817 0.775104892361 -1.49183517511 -0.537884709737 0.807354310725 6.45
-1.53788496559 -0.540203567898 0.575987685194 -1.49769645976 -0.537872887887 0.75868115427 6.475
-1.53788496559 -0.540203567898 0.575987685194 -1.50315859688 -0.537888250307 0.715256584326 6.5
-1.53585504456 -0.538884880073 0.577722291407 -1.50793392034 -0.537732916726 0.677228015523 6.525
-1.53585504456 -0.538884880073 0.577722291407 -1.51235818263 -0.537613970572 0.643910733183 6.55
-1.53585504456 -0.538884880073 0.577722291407 -1.51644315571 -0.53752801116 0.615041418236 6.575
-1.53790770084 -0.538098939447 0.56756834677 -1.52050406068 -0.537355711045 0.588091795472 6.6
-1.53790770084 -0.538098939447 0.56756834677 -1.52422624334 -0.537219166911 0.565306451169 6.625
-1.53884353038 -0.537454177437 0.561504971331 -1.52776137375 -0.537019855288 0.545033115726 6.65
-1.53900680066 -0.536583622659 0.556368309343 -1.53099813782 -0.536728750839 0.527331546435 6.675
-1.53900680066 -0.536583622659 0.556368309343 -1.53392472846 -0.536481230356 0.513160292001 6.7
-1.53980177793 -0.5365573534 0.548968297026 -1.5366729412 -0.536269886076 0.500550360782 6.725
-1.54061276457 -0.535075345536 0.540911101152 -1.53925037966 -0.535876628365 0.489234115896 6.75
-1.54061276457 -0.535075345536 0.540911101152 -1.54154269939 -0.535534263226 0.480890767291 6.775
-1.54061276457 -0.535075345536 0.540911101152 -1.54356507306 -0.535239015616 0.475189892591 6.8
-1.54061276457 -0.535075345536 0.540911101152 -1.54533260053 -0.534987262426 0.471813142446 6.825
-1.54061276457 -0.535075345536 0.540911101152 -1.546860265 -0.534775531445 0.470456087848 6.85
-1.54189390799 -0.536037777566 0.530171835793 -1.54835212273 -0.534742657382 0.468446019398 6.875
-1.54189390799 -0.536037777566 0.530171835793 -1.54961875116 -0.534732182479 0.46818405422 6.9
-1.54424882315 -0.532467274807 0.509133038609 -1.55102296965 -0.534214149603 0.464727310693 6.925
-1.54424882315 -0.532467274807 0.509133038609 -1.55220442028 -0.533754798448 0.463058526197 6.95
-1.54626665968 -0.532350417964 0.494065859812 -1.55347664634 -0.533332905184 0.459561660741 6.975
-1.54626665968 -0.532350417964 0.494065859812 -1.55453341684 -0.532963261368 0.457735309064 7.0
-1.54670747525 -0.532669075851 0.488317436733 -1.55545555438 -0.532689202103 0.456045242922 7.025
-1.54670747525 -0.532669075851 0.488317436733 -1.5561881477 -0.532456384573 0.455684084373 7.05
-1.54818018305 -0.531483061792 0.477165317895 -1.55696378497 -0.532086327634 0.453948044318 7.075
-1.54818018305 -0.531483061792 0.477165317895 -1.55756250168 -0.531764765814 0.453404470863 7.1
-1.549833364 -0.528587224451 0.468408207221 -1.55824327257 -0.531060388477 0.45190092846 7.125
-1.549833364 -0.528587224451 0.468408207221 -1.5587570735 -0.530430970457 0.451427624949 7.15
-1.55112460669 -0.529376415899 0.461895336843 -1.55930914681 -0.529988416639 0.450352574398 7.175
-1.55112460669 -0.529376415899 0.461895336843 -1.55970780522 -0.529602510366 0.450128592332 7.2
-1.55112460669 -0.529376415899 0.461895336843 -1.5599670562 -0.529269239644 0.450593316283 7.225
-1.55112460669 -0.529376415899 0.461895336843 -1.56010032786 -0.528984733531 0.451601053978 7.25
-1.55112460669 -0.529376415899 0.461895336843 -1.56012045867 -0.528745263084 0.45302206252 7.275
-1.55262091883 -0.527481318302 0.454308934284 -1.56026070371 -0.528267324908 0.45305783098 7.3
-1.55455089493 -0.525494011923 0.446562135134 -1.56057945528 -0.527555767356 0.451777016897 7.325
-1.55455089493 -0.525494011923 0.446562135134 -1.56078106599 -0.526922913514 0.451008081834 7.35
-1.55592874862 -0.525896108912 0.440087367985 -1.56108108948 -0.526423174169 0.449213171188 7.375
-1.55592874862 -0.525896108912 0.440087367985 -1.56127150639 -0.525987673741 0.447915202225 7.4
-1.55592874862 -0.525896108912 0.440087367985 -1.56136378767 -0.525611915714 0.447025200006 7.425
-1.55592874862 -0.525896108912 0.440087367985 -1.56136880109 -0.525291554038 0.446464497045 7.45
-1.55708763018 -0.524067896655 0.439899592415 -1.56146798958 -0.524752357059 0.44612231069 7.475
-1.55708763018 -0.524067896655 0.439899592415 -1.56148645723 -0.524281460488 0.445985130195 7.5
-1.55708763018 -0.524067896655 0.439899592415 -1.5614338411 -0.523874119664 0.446000538097 7.525
-1.55942915901 -0.522542477546 0.435077157277 -1.56166505943 -0.523300434214 0.445053177815 7.55
-1.55942915901 -0.522542477546 0.435077157277 -1.56181567545 -0.522798927182 0.44430537353 7.575
-1.56071474126 -0.519991609852 0.435511138584 -1.56208461717 -0.521987836229 0.443813224625 7.6
-1.56071474126 -0.519991609852 0.435511138584 -1.56227562757 -0.521268612226 0.443434136603 7.625
-1.56201707573 -0.51966045262 0.435305710256 -1.56258963649 -0.520586485733 0.443093817739 7.65
-1.56201707573 -0.51966045262 0.435305710256 -1.56282727055 -0.519988512655 0.442819319177 7.675
-1.56332414447 -0.518301126383 0.435046444273 -1.56318974359 -0.519268241315 0.442532780066 7.7
-1.56332414447 -0.518301126383 0.435046444273 -1.56347653858 -0.518636672463 0.44228210613 7.725
-1.56484495521 -0.518892877998 0.43395385765 -1.56392007895 -0.518175253381 0.441810956088 7.75
-1.56484495521 -0.518892877998 0.43395385765 -1.56428547025 -0.517783961091 0.441380346417 7.775
-1.56630788175 -0.517943123566 0.434597683957 -1.56479637772 -0.517317199378 0.441122845703 7.8
-1.56630788175 -0.517943123566 0.434597683957 -1.56522694365 -0.516921110702 0.440870032358 7.825
-1.56771045441 -0.516460383292 0.438609436416 -1.56579173463 -0.516371307448 0.441507232256 7.85
-1.56847095152 -0.515210818773 0.438546767489 -1.56638667644 -0.515714191344 0.442018375864 7.875
-1.56847095152 -0.515210818773 0.438546767489 -1.56689788162 -0.515143094561 0.442423839284 7.9
-1.56847095152 -0.515210818773 0.438546767489 -1.56733254932 -0.514651946243 0.442729394932 7.925
-1.57030411721 -0.513226247333 0.441028814784 -1.56796826508 -0.513941746093 0.443492633323 7.95
-1.57126809051 -0.513906563221 0.444169681585 -1.56866189287 -0.513423398458 0.444800223911 7.975
-1.57126809051 -0.513906563221 0.444169681585 -1.5692668475 -0.512982164929 0.445882462833 8.0
-1.57126809051 -0.513906563221 0.444169681585 -1.5697901751 -0.512612192168 0.446757221317 8.025
-1.57126809051 -0.513906563221 0.444169681585 -1.57023857821 -0.512307841819 0.447442469898 8.05
-1.57325895159 -0.512715394131 0.445156981259 -1.5709124866 -0.511887750153 0.448175253295 8.075
-1.57472814447 -0.510136751654 0.445103171228 -1.57171786982 -0.511155549659 0.448715522064 8.1
-1.57472814447 -0.510136751654 0.445103171228 -1.57242739248 -0.510516393918 0.449095646156 8.125
-1.57556724367 -0.511139641657 0.448886796609 -1.57317203449 -0.510111883401 0.450173820044 8.15
-1.57556724367 -0.511139641657 0.448886796609 -1.57382488897 -0.50977598272 0.451025909451 8.175
-1.577518542 -0.508690786913 0.451616212916 -1.57468100485 -0.509141373144 0.452281255338 8.2
-1.577518542 -0.508690786913 0.451616212916 -1.57543613955 -0.508592698511 0.453283062458 8.225
-1.57934464217 -0.506589209382 0.449441024463 -1.57636718509 -0.507813239795 0.453574879925 8.25
-1.57934464217 -0.506589209382 0.449441024463 -1.57719018337 -0.507131638386 0.453723442998 8.275
-1.57934464217 -0.506589209382 0.449441024463 -1.57791259342 -0.506541065048 0.453749080725 8.3
-1.57934464217 -0.506589209382 0.449441024463 -1.57854159516 -0.506034925058 0.453670877608 8.325
-1.57934464217 -0.506589209382 0.449441024463 -1.5790840916 -0.505606860039 0.453506616595 8.35
-1.57934464217 -0.506589209382 0.449441024463 -1.5795467107 -0.50525074978 0.453272738801 8.375
-1.58164476921 -0.505249059437 0.457257528083 -1.58027554965 -0.504762765667 0.454719348135 8.4
-1.58164476921 -0.505249059437 0.457257528083 -1.58091035524 -0.504350711186 0.455914479069 8.425
-1.58419855511 -0.502722179907 0.457137191621 -1.58183523298 -0.503635322941 0.4568573762 8.45
-1.58419855511 -0.502722179907 0.457137191621 -1.58265007409 -0.503013266546 0.45760257475 8.475
-1.58461270663 -0.501027144838 0.463033258926 -1.58342361294 -0.502227444249 0.45948181439 8.5
-1.58461270663 -0.501027144838 0.463033258926 -1.58409718255 -0.501541334723 0.461049059321 8.525
-1.58682007607 -0.502848486494 0.459929773959 -1.58500404609 -0.501216923262 0.461645907806 8.55
-1.58816240104 -0.499635246063 0.460410710411 -1.58599786387 -0.500482723743 0.462180684084 8.575
-1.58816240104 -0.499635246063 0.460410710411 -1.58687257179 -0.499844818345 0.462555876393 8.6
-1.58938145898 -0.499507300874 0.465929100493 -1.58781631992 -0.499277362064 0.46401797364 8.625
-1.58938145898 -0.499507300874 0.465929100493 -1.58864276878 -0.498794037211 0.465213439705 8.65
-1.59005825863 -0.496903076586 0.467197403333 -1.58946000449 -0.498003681454 0.466452015992 8.675
-1.59005825863 -0.496903076586 0.467197403333 -1.59016807866 -0.497314814982 0.467444708805 8.7
-1.59005825863 -0.496903076586 0.467197403333 -1.59077487688 -0.496720217661 0.4682189147 8.725
-1.59189071644 -0.494321542784 0.464686042637 -1.59155867012 -0.495831617884 0.468243040636 8.75
-1.59189071644 -0.494321542784 0.464686042637 -1.59223493077 -0.495053465232 0.468166501067 8.775
-1.59365498369 -0.494300300666 0.465634445174 -1.59307215413 -0.494374960303 0.468218152533 8.8
-1.59487381746 -0.493278185792 0.465306021964 -1.59397699393 -0.493641113428 0.468105784973 8.825
-1.59487381746 -0.493278185792 0.465306021964 -1.59476348651 -0.493007567661 0.467928002586 8.85
-1.59567490619 -0.493343866888 0.465813156286 -1.59555839694 -0.492476661735 0.467812113954 8.875
-1.59567490619 -0.493343866888 0.465813156286 -1.59624228253 -0.492030839707 0.467645116339 8.9
-1.59677340378 -0.490779261059 0.465857038515 -1.59698562292 -0.491284499409 0.467449401471 8.925
-1.59677340378 -0.490779261059 0.465857038515 -1.59762138775 -0.490639576841 0.467225283831 8.95
-1.59677340378 -0.490779261059 0.465857038515 -1.59815771662 -0.490088614157 0.466982722195 8.975
-1.5995762739 -0.490405245051 0.460645968609 -1.59901644465 -0.489569183895 0.465573684051 9.0
-1.60137310215 -0.48780097715 0.459089357482 -1.60002409429 -0.488749281949 0.463957224306 9.025
-1.60137310215 -0.48780097715 0.459089357482 -1.60090302625 -0.488036878965 0.462518031641 9.05
-1.60256119726 -0.486667569658 0.458984252143 -1.60183780131 -0.487256810963 0.461226233888 9.075
-1.60256119726 -0.486667569658 0.458984252143 -1.60264795188 -0.48658212083 0.460100514468 9.1
-1.60338994535 -0.48720702261 0.459023268431 -1.60346488932 -0.486084764855 0.459141059259 9.125
-1.60338994535 -0.48720702261 0.459023268431 -1.6041653013 -0.485671385171 0.458329003588 9.15
-1.60555050778 -0.486681964379 0.454769188939 -1.60507706427 -0.485257526508 0.456710445194 9.175
-1.60687929183 -0.483661801048 0.451832577653 -1.60606076295 -0.484474102938 0.454682435533 9.2
-1.60687929183 -0.483661801048 0.451832577653 -1.60691387791 -0.483795554754 0.452958246572 9.225
-1.60721274422 -0.482217266919 0.454133092433 -1.60769507041 -0.483000806918 0.452025585242 9.25
-1.60721274422 -0.482217266919 0.454133092433 -1.60836030706 -0.482312507512 0.451288912771 9.275
-1.61018768136 -0.480499918051 0.446148826223 -1.60935789957 -0.481469183648 0.448957268959 9.3
-1.61018768136 -0.480499918051 0.446148826223 -1.61022259303 -0.480736834388 0.446999733504 9.325
-1.61170743963 -0.480166441419 0.44407862615 -1.6111884812 -0.480058167137 0.444925011693 9.35
-1.61170743963 -0.480166441419 0.44407862615 -1.61202278767 -0.47947855123 0.443217283786 9.375
-1.61251754965 -0.478482994756 0.446101559095 -1.61285481148 -0.478741726321 0.442291639768 9.4
-1.61251754965 -0.478482994756 0.446101559095 -1.6135648194 -0.47810850199 0.441611550395 9.425
-1.61451126586 -0.476471462711 0.438690252306 -1.61445661561 -0.477273957902 0.439503577513 9.45
-1.61451126586 -0.476471462711 0.438690252306 -1.61522163068 -0.47655095967 0.437785423356 9.475
-1.61451126586 -0.476471462711 0.438690252306 -1.61586941148 -0.475931352886 0.436418438055 9.5
-1.61669454186 -0.475191061036 0.434911039814 -1.61673162801 -0.475218161062 0.434526599269 9.525
-1.61716820481 -0.474129191471 0.439995840767 -1.61753934278 -0.47445091515 0.434143762133 9.55
-1.61944157915 -0.474196381329 0.435555202093 -1.61856239725 -0.473800810264 0.432978156629 9.575
-1.61944157915 -0.474196381329 0.435555202093 -1.61944806324 -0.473249099079 0.432105459042 9.6
-1.61944157915 -0.474196381329 0.435555202093 -1.62020639107 -0.472788073214 0.431490184069 9.625
-1.62152944555 -0.46684538768 0.435520432068 -1.62115545202 -0.471324545398 0.431091140788 9.65
-1.62283841662 -0.461599967883 0.43046479457 -1.62216536874 -0.469247418277 0.429763388968 9.675
-1.62379436891 -0.454622687293 0.426661182373 -1.62317878411 -0.466351284384 0.42789174975 9.7
-1.62379436891 -0.454622687293 0.426661182373 -1.62405360706 -0.463734992213 0.426387029156 9.725
-1.62379436891 -0.454622687293 0.426661182373 -1.62480007203 -0.461383163099 0.42520880938 9.75
-1.62379436891 -0.454622687293 0.426661182373 -1.6254280341 -0.459280740261 0.424318899639 9.775
-1.62710192019 -0.435797386087 0.417337803559 -1.62643551227 -0.454632387065 0.421611858993 9.8
-1.62710192019 -0.435797386087 0.417337803559 -1.62730481096 -0.450421981405 0.419374797347 9.825
-1.62886607897 -0.418215565673 0.411902842494 -1.62830677092 -0.444029683908 0.416353728882 9.85
-1.62886607897 -0.418215565673 0.411902842494 -1.62917029615 -0.438233183681 0.413856268427 9.875
-1.63027796512 -0.40691334384 0.406723683066 -1.63011425131 -0.431332657755 0.410680469298 9.9
-1.63027796512 -0.40691334384 0.406723683066 -1.63092369948 -0.425098188718 0.408065635299 9.925
-1.63298472263 -0.383304594222 0.396402669729 -1.63200864984 -0.416007754381 0.403664419802 9.95
-1.63409467275 -0.369809726923 0.394004780569 -1.63311176153 -0.405793817153 0.399459854715 9.975
-1.63547688196 -0.357004604716 0.390369258983 -1.63427110846 -0.39466931908 0.395172748686 10.0
-1.63547688196 -0.357004604716 0.390369258983 -1.6352773684 -0.384622974188 0.391637584485 10.025
-1.63547688196 -0.357004604716 0.390369258983 -1.6361416132 -0.375598673405 0.388780508006 10.05
-1.63804539313 -0.33329501588 0.381568186681 -1.63725389875 -0.364038980739 0.384577193186 10.075
-1.63804539313 -0.33329501588 0.381568186681 -1.63821541252 -0.353665481803 0.381150891652 10.1
-1.63804539313 -0.33329501588 0.381568186681 -1.63903722766 -0.344413306333 0.378422189144 10.125
-1.63804539313 -0.33329501588 0.381568186681 -1.6397300097 -0.336218560324 0.376315257129 10.15
-1.64138804358 -0.305358284111 0.369035024812 -1.64079774394 -0.324891998237 0.371976031743 10.175
-1.64138804358 -0.305358284111 0.369035024812 -1.64171789785 -0.314821388999 0.368456062551 10.2
-1.64242531617 -0.290700707802 0.367338282401 -1.64265468748 -0.303768182635 0.3652927389 10.225
-1.64477165092 -0.26903168465 0.358731439407 -1.64380006572 -0.290794052881 0.360916149341 10.25
-1.64477165092 -0.26903168465 0.358731439407 -1.64479099769 -0.279272597619 0.357388257062 10.275
-1.64654446737 -0.258388777949 0.352430999076 -1.64590068584 -0.267545608577 0.353219579833 10.3
-1.64654446737 -0.258388777949 0.352430999076 -1.6468577036 -0.257223685806 0.349892039283 10.325
-1.64938112294 -0.240017713733 0.346336363867 -1.64809238023 -0.245505662493 0.345960199508 10.35
-1.64938112294 -0.240017713733 0.346336363867 -1.64916384129 -0.235231762855 0.342853395133 10.375
-1.65021227233 -0.226402154119 0.33993661334 -1.65020667504 -0.22429861846 0.339057735164 10.4
-1.65100680625 -0.214540929812 0.336282687372 -1.65121725678 -0.213032707582 0.335266972444 10.425
-1.65100680625 -0.214540929812 0.336282687372 -1.65208039587 -0.203228984115 0.33229653968 10.45
-1.65100680625 -0.214540929812 0.336282687372 -1.65280738539 -0.194790150461 0.330051344554 10.475
-1.65426717528 -0.195899073376 0.326762930876 -1.65389065819 -0.184867960914 0.326328673481 10.5
-1.65426717528 -0.195899073376 0.326762930876 -1.65482136104 -0.176339414326 0.32341411843 10.525
-1.65602722779 -0.184932530604 0.321304810728 -1.6558709783 -0.167486655388 0.320001142989 10.55
-1.65602722779 -0.184932530604 0.321304810728 -1.65677026262 -0.159961177134 0.317359080077 10.575
-1.65602722779 -0.184932530604 0.321304810728 -1.65753067182 -0.153665703448 0.3153948872 10.6
-1.65813931512 -0.163484481114 0.32321071664 -1.65847518678 -0.145338064984 0.314444385246 10.625
-1.65813931512 -0.163484481114 0.32321071664 -1.65927798672 -0.138303287006 0.313951768526 10.65
-1.66407264576 -0.156408592151 0.316234652516 -1.66082657448 -0.131418451466 0.312296340459 10.675
-1.67311326196 -0.138779519524 0.307967601959 -1.66352198162 -0.123112206346 0.309313135532 10.7
-1.68114468298 -0.13043350505 0.300423735209 -1.66712363136 -0.114865260251 0.305312670732 10.725
-1.68114468298 -0.13043350505 0.300423735209 -1.67036919772 -0.107907800218 0.302091247984 10.75
-1.68114468298 -0.13043350505 0.300423735209 -1.67327882883 -0.102140413219 0.299559847145 10.775
-1.68114468298 -0.13043350505 0.300423735209 -1.67587221001 -0.0974673280594 0.297635026239 10.8
-1.70020586809 -0.114537351114 0.291269927629 -1.68098400577 -0.0914485111649 0.294207004703 10.825
-1.71319932096 -0.104236013259 0.285300133335 -1.68751632381 -0.0850058027943 0.290156784408 10.85
-1.71319932096 -0.104236013259 0.285300133335 -1.69342693386 -0.0796878317686 0.286887394036 10.875
-1.72550803033 -0.0976254669426 0.283462282059 -1.70056671553 -0.0744250994466 0.283902901475 10.9
-1.72550803033 -0.0976254669426 0.283462282059 -1.7070075535 -0.0701812115478 0.281578147133 10.925
-1.72550803033 -0.0976254669426 0.283462282059 -1.71278693528 -0.0668676743366 0.279832621023 10.95
-1.74918549161 -0.0819490668601 0.271238802709 -1.7214390401 -0.0620843707838 0.275877873544 10.975
-1.74918549161 -0.0819490668601 0.271238802709 -1.72922903477 -0.0582473099116 0.272686616916 11.0
-1.74918549161 -0.0819490668601 0.271238802709 -1.73620359495 -0.0552722549596 0.270172852987 11.025
-1.77021225539 -0.0701550689315 0.261138143259 -1.74551442402 -0.0513368020692 0.266013755567 11.05
-1.77021225539 -0.0701550689315 0.261138143259 -1.75385775177 -0.0482428605896 0.262647968737 11.075
-1.78455810765 -0.0650187901577 0.255703620546 -1.76340669547 -0.0451535690204 0.258781169959 11.1
-1.78455810765 -0.0650187901577 0.255703620546 -1.77192963416 -0.0428125922943 0.255683257107 11.125
-1.80133278966 -0.0534165943453 0.250630840127 -1.78196324731 -0.0394332125798 0.252141074041 11.15
-1.8165742414 -0.0459506224828 0.244045810158 -1.79314499489 -0.0356912721745 0.247873682206 11.175
-1.8165742414 -0.0459506224828 0.244045810158 -1.80311201069 -0.0327048701226 0.244434605685 11.2
-1.8165742414 -0.0459506224828 0.244045810158 -1.81193482524 -0.0304031768342 0.241731981696 11.225
-1.83313951091 -0.0351811944868 0.23534751246 -1.82212941397 -0.0271282830856 0.237748443682 11.25
-1.83313951091 -0.0351811944868 0.23534751246 -1.83112520964 -0.024531790878 0.234567837469 11.275
-1.84639976205 -0.0268593020671 0.228368033475 -1.84095484335 -0.0213193392053 0.230549772227 11.3
-1.84639976205 -0.0268593020671 0.228368033475 -1.84957876167 -0.0187546393014 0.227345765329 11.325
-1.85921381095 -0.0178187613519 0.227886530946 -1.85896656425 -0.0154401421772 0.224756364843 11.35
-1.85921381095 -0.0178187613519 0.227886530946 -1.8671524378 -0.0127568581085 0.22281428615 11.375
-1.87876226697 -0.00705939518483 0.215588284655 -1.8771029575 -0.00905573759609 0.2187071805 11.4
-1.88966003674 -0.00676105247041 0.214485075496 -1.88739146536 -0.0059497322619 0.21517440816 11.425
-1.88966003674 -0.00676105247041 0.214485075496 -1.89636648486 -0.00342785041433 0.212397633672 11.45
-1.88966003674 -0.00676105247041 0.214485075496 -1.90411510074 -0.00143454088839 0.210287515755 11.475
-1.88966003674 -0.00676105247041 0.214485075496 -1.91072206353 8.27143151779e-05 0.208760257793 11.5
-1.90922570374 0.00530929619174 0.202529816219 -1.91915965961 0.00295632858369 0.20508391149 11.525
-1.90922570374 0.00530929619174 0.202529816219 -1.92639150473 0.00531053383399 0.202161664994 11.55
-1.90922570374 0.00530929619174 0.202529816219 -1.93250399652 0.00719483087464 0.199905521224 11.575
-1.91906808145 0.0125895342801 0.198281797063 -1.93903461173 0.0097312892964 0.197290066528 11.6
-1.91906808145 0.0125895342801 0.198281797063 -1.94449669512 0.0118044381661 0.195295724107 11.625
-1.93372550685 0.0198738235173 0.193723414107 -1.95113793516 0.0145350455369 0.192831751102 11.65
-1.94416352441 0.0253503416184 0.188466865003 -1.95824540815 0.0176141452855 0.18979253389 11.675
-1.94416352441 0.0253503416184 0.188466865003 -1.9642403627 0.0202127108867 0.187410491381 11.7
-1.95634145213 0.030965790728 0.179271164359 -1.97100710801 0.0232035326751 0.183564614661 11.725
-1.95634145213 0.030965790728 0.179271164359 -1.97668854527 0.0257332381819 0.180469347855 11.75
-1.96682965169 0.0393410848253 0.177073830244 -1.98291887893 0.0290802362458 0.177551658428 11.775
-1.96682965169 0.0393410848253 0.177073830244 -1.98810951118 0.0319496956388 0.175278450659 11.8
-1.96682965169 0.0393410848253 0.177073830244 -1.99234397471 0.0343824582808 0.173571057253 11.825
-1.96682965169 0.0393410848253 0.177073830244 -1.99570252385 0.0364172363049 0.172356001686 11.85
-1.96682965169 0.0393410848253 0.177073830244 -1.99826210363 0.0380906665613 0.171564967748 11.875
-1.97736760568 0.0446032353719 0.169129236231 -2.00165284485 0.040214615246 0.169371295201 11.9
-1.97736760568 0.0446032353719 0.169129236231 -2.00426665271 0.0419836369196 0.167694390712 11.925
-1.99092885759 0.0514075131932 0.163446561678 -2.00817847133 0.0444359707647 0.165205855216 11.95
-1.99092885759 0.0514075131932 0.163446561678 -2.01129693443 0.0465192544811 0.16325808649 11.975
-2.00243297065 0.0585563178748 0.15607662206 -2.01539280217 0.0493221374433 0.160147962839 12.0
-2.00243297065 0.0585563178748 0.15607662206 -2.01870202476 0.0517370051723 0.157647505776 12.025
-2.00922282198 0.0633564637824 0.15490672529 -2.02229777187 0.0545054733063 0.155426349455 12.05
-2.01643746772 0.0693998174337 0.150074952238 -2.02623123603 0.0577866015965 0.152637094655 12.075
-2.01643746772 0.0693998174337 0.150074952238 -2.02942020942 0.0606494342038 0.150418841949 12.1
-2.01643746772 0.0693998174337 0.150074952238 -2.03193167167 0.063126779363 0.148704023924 12.125
-2.01643746772 0.0693998174337 0.150074952238 -2.03382935909 0.0652498890788 0.147429494049 12.15
-2.01643746772 0.0693998174337 0.150074952238 -2.03517379594 0.0670484945528 0.146536479476 12.175
-2.03066611171 0.0769840003127 0.140896864133 -2.03812398649 0.069671069605 0.143933269679 12.2
-2.03066611171 0.0769840003127 0.140896864133 -2.04046797832 0.0719364888398 0.141854262784 12.225
-2.04113112427 0.0807110548493 0.135555655135 -2.04380933804 0.0744242008341 0.139051869865 12.25
-2.04113112427 0.0807110548493 0.135555655135 -2.0465361021 0.0765681537926 0.136797737495 12.275
-2.04680575927 0.0853724302103 0.128349287755 -2.04954315565 0.0790848005106 0.133429150643 12.3
-2.04680575927 0.0853724302103 0.128349287755 -2.05198047232 0.0812583373313 0.130680805067 12.325
-2.05563645296 0.0896782250369 0.12284225125 -2.05520593525 0.0837522441644 0.127262627271 12.35
-2.05563645296 0.0896782250369 0.12284225125 -2.05786379211 0.0859069487202 0.124481699529 12.375
-2.06112983326 0.0915359692451 0.119857323635 -2.0608175087 0.0880238180811 0.121606089673 12.4
-2.06112983326 0.0915359692451 0.119857323635 -2.06324148909 0.0898326994113 0.11931338379 12.425
-2.06112983326 0.0915359692451 0.119857323635 -2.0651849585 0.0913589732201 0.117536926745 12.45
-2.06112983326 0.0915359692451 0.119857323635 -2.06669451118 0.0926268195131 0.116214043927 12.475
-2.06728011984 0.094548054777 0.11550862104 -2.06872259926 0.0941041405418 0.114320774867 12.5
-2.06728011984 0.094548054777 0.11550862104 -2.07033117718 0.0953330459041 0.112884911079 12.525
-2.06728011984 0.094548054777 0.11550862104 -2.07156217395 0.0963356501184 0.111848189933 12.55
-2.07679682072 0.0955368128934 0.107704773607 -2.07386078513 0.0972789908718 0.109424113432 12.575
-2.07679682072 0.0955368128934 0.107704773607 -2.07574847951 0.0980254805142 0.107504880687 12.6
-2.08169239356 0.10057404744 0.10005056875 -2.07798772675 0.0993384220387 0.104331496424 12.625
-2.08169239356 0.10057404744 0.10005056875 -2.07983595146 0.100433758128 0.101753135561 12.65
-2.08169239356 0.10057404744 0.10005056875 -2.08133041613 0.101331032637 0.0997042342414 12.675
-2.08623934759 0.105532852247 0.092240525015 -2.08317787795 0.102781215313 0.096389491287 12.7
-2.08623934759 0.105532852247 0.092240525015 -2.08468723734 0.104012054584 0.0936951078482 12.725
-2.09013786593 0.108950997508 0.0893171948017 -2.08646754938 0.105547315473 0.0909045638072 12.75
-2.09013786593 0.108950997508 0.0893171948017 -2.08792917708 0.106860525105 0.0886817496029 12.775
-2.09696103637 0.108347523671 0.0810071933954 -2.09011115729 0.10788114707 0.0851170842628 12.8
-2.09696103637 0.108347523671 0.0810071933954 -2.09195615292 0.108722977583 0.0822179464908 12.825
-2.09696103637 0.108347523671 0.0810071933954 -2.09349496536 0.109402515403 0.0799126243013 12.85
-2.09972481513 0.115381026909 0.077453004244 -2.09516488829 0.110974269491 0.0773444174332 12.875
-2.09972481513 0.115381026909 0.077453004244 -2.09655312407 0.112332786015 0.0753342204532 12.9
-2.09972481513 0.115381026909 0.077453004244 -2.09768672358 0.11349529086 0.0738160363905 12.925
-2.10593574575 0.114486788538 0.0756459535197 -2.09950854404 0.114346099671 0.0723267947042 12.95
-2.11164903121 0.112494928951 0.0687653121903 -2.10189719911 0.114749017233 0.0697311087606 12.975
-2.11223193934 0.116027911408 0.06456894222 -2.10405420856 0.115557502875 0.0667532488203 13.0
-2.11223193934 0.116027911408 0.06456894222 -2.1059133423 0.116221530132 0.0643728694905 13.025
-2.11535435544 0.116555431205 0.0577227546246 -2.10796128026 0.116832585785 0.0610021887072 13.05
-2.11535435544 0.116555431205 0.0577227546246 -2.10972484092 0.117319479813 0.0582812961901 13.075
-2.11910321684 0.115559028857 0.0609840168555 -2.11178202055 0.117547387744 0.0568622093051 13.1
-2.11910321684 0.115559028857 0.0609840168555 -2.11355872809 0.11768664626 0.0558653758493 13.125
-2.12238901792 0.116498104487 0.0571697067147 -2.11556379411 0.117886444149 0.0543861923343 13.15
-2.1239040237 0.119136360328 0.0518650720563 -2.11751995439 0.118396711755 0.0521428444595 13.175
-2.1239040237 0.119136360328 0.0518650720563 -2.11920856428 0.118806855973 0.0503994432302 13.2
-2.1249141333 0.121182632191 0.0493994825536 -2.12080103089 0.119429325653 0.0485472650681 13.225
-2.1249141333 0.121182632191 0.0493994825536 -2.12215756063 0.119947799811 0.0471426973263 13.25
-2.1249141333 0.121182632191 0.0493994825536 -2.12329861777 0.120372226557 0.0461281685045 13.275
-2.12835888666 0.121248418374 0.0422024676617 -2.12475240843 0.120721689008 0.0438526235165 13.3
-2.12835888666 0.121248418374 0.0422024676617 -2.12598864693 0.120994511217 0.0420579903085 13.325
-2.13100647337 0.120143388118 0.0407004575394 -2.12741735533 0.121035759113 0.0403527334828 13.35
-2.13100647337 0.120143388118 0.0407004575394 -2.12863482322 0.121029184008 0.0390564984784 13.375
-2.1323307632 0.119930099361 0.0419876252305 -2.12985489912 0.120950004317 0.0384020040765 13.4
-2.1323307632 0.119930099361 0.0419876252305 -2.13088396351 0.120838417199 0.0380196654319 13.425
-2.13409042134 0.120156285007 0.0387877937209 -2.13199892603 0.120733480619 0.0371560265875 13.45
-2.1357265177 0.117519214145 0.0346691418563 -2.13317728725 0.120214848347 0.035653860327 13.475
-2.1357265177 0.117519214145 0.0346691418563 -2.13417451465 0.11970737447 0.0344968916082 13.5
-2.13571661519 0.11941716506 0.033675741927 -2.13500510171 0.119494585996 0.0334194703219 13.525
-2.13571661519 0.11941716506 0.033675741927 -2.13568574266 0.119276984409 0.0326271551775 13.55
-2.13571661519 0.11941716506 0.033675741927 -2.13623073067 0.119057862507 0.0320798404946 13.575
-2.13643817916 0.119599070576 0.0333092528258 -2.13676013869 0.118867016074 0.0316593251855 13.6
-2.13643817916 0.119599070576 0.0333092528258 -2.13717175857 0.118678054614 0.0314231454084 13.625
-2.13643817916 0.119599070576 0.0333092528258 -2.13747788375 0.118493318316 0.0313400368839 13.65
-2.13868594654 0.117808647525 0.0303469932469 -2.13802207612 0.118050383582 0.0307241625472 13.675
-2.13887318177 0.119187289812 0.0291416034486 -2.13848482753 0.117839784935 0.0300198647547 13.7
-2.13887318177 0.119187289812 0.0291416034486 -2.13884750909 0.117642580187 0.0294992965974 13.725
-2.13887318177 0.119187289812 0.0291416034486 -2.1391207206 0.117459798726 0.0291350802996 13.75
-2.13887318177 0.119187289812 0.0291416034486 -2.13931440196 0.11729223725 0.0289023367119 13.775
-2.14086488827 0.114949333942 0.0225957403967 -2.13973204018 0.116514506054 0.0273255874116 13.8
-2.14086488827 0.114949333942 0.0225957403967 -2.14006510091 0.11580195936 0.026013992616 13.825
-2.14076888264 0.115714175601 0.0235356453124 -2.14030842221 0.115265777276 0.0251467122762 13.85
-2.14076888264 0.115714175601 0.0235356453124 -2.14048573351 0.114782191155 0.0244623826999 13.875
-2.14076888264 0.115714175601 0.0235356453124 -2.14060486826 0.114349462377 0.023937220004 13.9
-2.14076888264 0.115714175601 0.0235356453124 -2.14067311938 0.113965724996 0.0235493459187 13.925
-2.14076888264 0.115714175601 0.0235356453124 -2.1406972587 0.113629003043 0.0232787150344 13.95
-2.14233625843 0.113673327943 0.0216670315546 -2.14091506734 0.113035781938 0.0226922677555 13.975
-2.14373960854 0.110264176153 0.0184355677395 -2.14128998432 0.112005404796 0.0215212550485 14.0
-2.14235423586 0.111910091726 0.0194834794427 -2.14139993703 0.111320783364 0.0207844210688 14.025
-2.14235423586 0.111910091726 0.0194834794427 -2.14147185137 0.110714958205 0.020198613644 14.05
-2.14235423586 0.111910091726 0.0194834794427 -2.14151093011 0.11018385801 0.0197448490269 14.075
-2.14235423586 0.111910091726 0.0194834794427 -2.14152196874 0.109723399095 0.0194055900658 14.1
-2.14296382627 0.110629018829 0.0178045351088 -2.14159941363 0.109140278952 0.0187920229796 14.125
-2.14296382627 0.110629018829 0.0178045351088 -2.14165021123 0.108634469494 0.0183072797585 14.15
-2.14250141518 0.10859364899 0.0139422331329 -2.14161002818 0.107900702687 0.0170776370171 14.175
-2.14250141518 0.10859364899 0.0139422331329 -2.14155614208 0.107258563439 0.0160493439719 14.2
-2.14248763836 0.108326216955 0.0136106183294 -2.14148961037 0.106663069638 0.0151281355661 14.225
-2.14202714171 0.108657730241 0.0157647210324 -2.14134739779 0.106200375781 0.0148552394999 14.25
-2.14202714171 0.108657730241 0.0157647210324 -2.14120534136 0.105812240033 0.0146755921797 14.275
-2.14202714171 0.108657730241 0.0157647210324 -2.14106544758 0.105493477754 0.0145752350241 14.3
-2.14090945275 0.107257210562 0.0126491172873 -2.14076437808 0.105032152988 0.0138497758532 14.325
-2.14264504713 0.102182123707 0.0088496764203 -2.14073801356 0.10389675693 0.0124196745969 14.35
-2.14264504713 0.102182123707 0.0088496764203 -2.14071069022 0.10289011793 0.0112146295457 14.375
-2.13963473296 0.105308662656 0.00963984946232 -2.1402391353 0.102466331337 0.0103884302422 14.4
-2.13963473296 0.105308662656 0.00963984946232 -2.13980396914 0.102119884263 0.00972384262005 14.425
-2.13963473296 0.105308662656 0.00963984946232 -2.1394047684 0.101844860976 0.00920275660126 14.45
-2.1404962009 0.10039305519 0.00876016975349 -2.13916818854 0.100909458395 0.0086128609363 14.475
-2.1404962009 0.10039305519 0.00876016975349 -2.13895628633 0.100091022506 0.0081571394258 14.5
-2.14070188462 0.0998763393301 0.0104581822857 -2.13879897288 0.0993055593159 0.00819604914753 14.525
-2.14118614481 0.0964123105114 0.00951756179777 -2.13873442586 0.098116238682 0.00808275282923 14.55
-2.14118614481 0.0964123105114 0.00951756179777 -2.13868491511 0.0970672686897 0.00804003170198 14.575
-2.13890200254 0.0962751333111 0.00446905878929 -2.13831258885 0.0961294760445 0.00693533158587 14.6
-2.13890200254 0.0962751333111 0.00446905878929 -2.13798068449 0.0953160261263 0.00601441858233 14.625
-2.13890200254 0.0962751333111 0.00446905878929 -2.13768750285 0.0946184094253 0.00525862014392 14.65
-2.13867055414 0.096168229194 0.0111336474684 -2.13739709987 0.0940125723912 0.00612961460596 14.675
-2.13867055414 0.096168229194 0.0111336474684 -2.137144533 0.093507533044 0.00695181405145 14.7
-2.13867055414 0.096168229194 0.0111336474684 -2.13692785265 0.0930954955362 0.00772118320409 14.725
-2.13784026392 0.0936106083898 0.00625461818744 -2.13662244547 0.0923911583276 0.0073516672973 14.75
-2.13784026392 0.0936106083898 0.00625461818744 -2.13635856107 0.0917946194194 0.00705562746031 14.775
-2.13810842665 0.0916803077095 0.00827532722377 -2.13617342452 0.091012591782 0.00727187203578 14.8
-2.13789455853 0.0873658043071 0.004706590372 -2.13599035791 0.0897073507288 0.00669637657488 14.825
-2.13789455853 0.0873658043071 0.004706590372 -2.13584118611 0.0885575611407 0.00621290509075 14.85
-2.13602401099 0.088882881942 0.00203286047834 -2.13544730351 0.0877770754222 0.00521794606451 14.875
-2.13594897878 0.0866710508966 0.00587159831038 -2.13509326288 0.0867876473607 0.00521981401811 14.9
-2.13594897878 0.0866710508966 0.00587159831038 -2.13478789098 0.0859326519106 0.00524969121347 14.925
-2.13594897878 0.0866710508966 0.00587159831038 -2.13452807673 0.0852024655799 0.00530163949872 14.95
-2.13629431067 0.0837629919382 0.00790431708413 -2.13436177191 0.0841582494454 0.0058215558486 14.975
-2.13629431067 0.0837629919382 0.00790431708413 -2.13423098279 0.0832541902108 0.00629876093228 15.0
-2.1352835788 0.0831002635202 0.00464167568732 -2.1339836565 0.0823823889691 0.0060084665069 15.025
-2.1352835788 0.0831002635202 0.00464167568732 -2.13377808369 0.0816387254397 0.00576276108785 15.05
-2.1352835788 0.0831002635202 0.00464167568732 -2.13361118314 0.0810135594294 0.00555641410105 15.075
-2.13521450438 0.0809467241547 0.00626294562315 -2.13346975755 0.0801795083809 0.00574452821741 15.1
-2.13521450438 0.0809467241547 0.00626294562315 -2.1333619053 0.0794706226652 0.00591919622116 15.125
-2.13250270195 0.0805860010375 0.00550403212793 -2.13288423753 0.0788240249155 0.0059108391183 15.15
-2.13250270195 0.0805860010375 0.00550403212793 -2.13246591786 0.0782879310831 0.00590760376353 15.175
-2.13251728809 0.078516976861 0.00672455271778 -2.13210518845 0.0775476924762 0.00617865573784 15.2
-2.13251728809 0.078516976861 0.00672455271778 -2.13179592183 0.0769241636026 0.00641873059981 15.225
-2.12925565709 0.079549033569 0.003418580688 -2.13105266948 0.0765605061575 0.00589494169809 15.25
-2.12925565709 0.079549033569 0.003418580688 -2.13039133317 0.0762834392302 0.00543137880379 15.275
-2.13069750782 0.0743347209057 0.00436192187676 -2.13001989456 0.0753147292053 0.00523305001109 15.3
-2.13101882702 0.0725632869241 0.00720464800334 -2.12975130855 0.0742155221365 0.00569193461841 15.325
-2.13101882702 0.0725632869241 0.00720464800334 -2.12953033981 0.0732581942935 0.00609802822609 15.35
-2.13101882702 0.0725632869241 0.00720464800334 -2.12935321101 0.0724325301486 0.00645403465187 15.375
-2.12777054196 0.0756170915291 0.00523322309229 -2.12873648798 0.0721797552043 0.00632518968283 15.4
-2.12777054196 0.0756170915291 0.00523322309229 -2.12819401255 0.0720040337167 0.00620515529558 15.425
-2.12647578535 0.0769754059412 0.00490686660814 -2.12752964692 0.0720983494749 0.00602107478034 15.45
-2.12647578535 0.0769754059412 0.00490686660814 -2.12694485355 0.0722390966528 0.00585382929055 15.475
-2.12647578535 0.0769754059412 0.00490686660814 -2.12643441931 0.0724200211392 0.00570253801808 15.5
-2.12569865648 0.0721505367495 0.00441048060151 -2.12587849522 0.0719225804986 0.00545616673507 15.525
-2.12569865648 0.0721505367495 0.00441048060151 -2.12539594483 0.071509710951 0.00523744273456 15.55
-2.12569865648 0.0721505367495 0.00441048060151 -2.12498165207 0.0711739961858 0.00504468165335 15.575
-2.12569865648 0.0721505367495 0.00441048060151 -2.12463066259 0.0709083814517 0.00487620940368 15.6
-2.1260854943 0.0691465199922 0.00659617664657 -2.12439532554 0.0702624572597 0.00521552138003 15.625
-2.1260854943 0.0691465199922 0.00659617664657 -2.12420940971 0.0697083199064 0.00551690925841 15.65
-2.12385358969 0.0703496939555 0.00834398759711 -2.12373898283 0.0694162700474 0.00617051218317 15.675
-2.12385358969 0.0703496939555 0.00834398759711 -2.12333542314 0.069187606692 0.00674346334908 15.7
-2.12385358969 0.0703496939555 0.00834398759711 -2.12299376387 0.0690161584719 0.00724101538945 15.725
-2.12568314404 0.0667676813908 0.00837228314529 -2.12297945341 0.0683669999328 0.00767470022857 15.75
-2.12568314404 0.0667676813908 0.00837228314529 -2.12299649598 0.0678051146307 0.00804270540359 15.775
-2.12491057464 0.0652918166295 0.00811061184238 -2.12292721605 0.0671056251947 0.00829218424559 15.8
-2.12491057464 0.0652918166295 0.00811061184238 -2.12289128038 0.0664970200487 0.00849343819268 15.825
-2.12491057464 0.0652918166295 0.00811061184238 -2.12288513061 0.0659723437115 0.00865108094689 15.85
-2.1215909594 0.0690257262755 0.00852210798566 -2.12241506528 0.0660764659217 0.00886094227223 15.875
-2.1215909594 0.0690257262755 0.00852210798566 -2.12200660104 0.0662083440322 0.00902493441089 15.9
-2.12080273111 0.0668066139829 0.00950052228714 -2.12153873966 0.0660359046214 0.00936512161705 15.925
-2.12080273111 0.0668066139829 0.00950052228714 -2.12113262983 0.0659085737365 0.00964265033447 15.95
-2.12080273111 0.0668066139829 0.00950052228714 -2.12078369035 0.0658215838109 0.00986370225463 15.975
-2.12080853137 0.0657902002776 0.0081608140385 -2.12048837681 0.065620315604 0.00973684859169 16.0
-2.12080853137 0.0657902002776 0.0081608140385 -2.12024154382 0.065462434778 0.00960125731779 16.025
-2.12080853137 0.0657902002776 0.0081608140385 -2.1200391514 0.0653435125307 0.00946001066702 16.05
-2.12022438757 0.0659537355955 0.00999345152543 -2.11979105631 0.0652835349775 0.00972269569712 16.075
-2.12022438757 0.0659537355955 0.00999345152543 -2.11958660955 0.0652525403929 0.00993564041155 16.1
-2.12022438757 0.0659537355955 0.00999345152543 -2.11942202821 0.0652469365106 0.0101042480219 16.125
-2.11856512083 0.0663928355911 0.0076900021182 -2.11904862103 0.0653282284692 0.00972232682706 16.15
-2.11856512083 0.0663928355911 0.0076900021182 -2.11872722216 0.0654233619048 0.00936804980967 16.175
-2.11888089883 0.0649485516856 0.00665596814161 -2.1185004315 0.065316319723 0.00881237804269 16.2
-2.11888089883 0.0649485516856 0.00665596814161 -2.11831408474 0.0652346599856 0.00831288930334 16.225
-2.11888089883 0.0649485516856 0.00665596814161 -2.1181646296 0.0651754428815 0.00786768429969 16.25
-2.11741848435 0.0654361647479 0.00708578152907 -2.11783267489 0.0652079546488 0.00757000425825 16.275
-2.11741848435 0.0654361647479 0.00708578152907 -2.11754791926 0.0652519922106 0.0073104577498 16.3
-2.11749983345 0.0645781752318 0.00745403579952 -2.11731863814 0.0651787005206 0.00716892420313 16.325
-2.11749983345 0.0645781752318 0.00745403579952 -2.11712829862 0.0651227847489 0.00705170171361 16.35
-2.11749983345 0.0645781752318 0.00745403579952 -2.11697352445 0.0650820682701 0.00695725426366 16.375
-2.11674887979 0.0658022744455 0.00560587701299 -2.11674017941 0.0652353462655 0.00647370208869 16.4
-2.11674887979 0.0658022744455 0.00560587701299 -2.116544809 0.0653858052591 0.00605936407375 16.425
-2.11674887979 0.0658022744455 0.00560587701299 -2.11638415908 0.0655323182884 0.00570925174606 16.45
-2.11646073296 0.0666740690836 0.0106187615547 -2.11621256938 0.0658026707847 0.00653107297844 16.475
-2.11646073296 0.0666740690836 0.0106187615547 -2.11607298614 0.0660571657575 0.00727205110855 16.5
-2.1168628159 0.0649077184941 0.00937725512983 -2.11602186837 0.0660345930569 0.00766042037974 16.525
-2.1168628159 0.0649077184941 0.00937725512983 -2.11599239503 0.0660160860988 0.00800909757502 16.55
-2.1168628159 0.0649077184941 0.00937725512983 -2.11598211994 0.0660007361482 0.00831988214553 16.575
-2.1144146211 0.0681399186369 0.00847716119917 -2.11562712794 0.066465154924 0.00839485969515 16.6
-2.1144146211 0.0681399186369 0.00847716119917 -2.1153151769 0.0668938512742 0.00846003333303 16.625
-2.1144146211 0.0681399186369 0.00847716119917 -2.11504309179 0.0672877322304 0.0085158527956 16.65
-2.11521350041 0.0663640306617 0.00811720529826 -2.11492583315 0.0673854784213 0.00848292338293 16.675
-2.11521350041 0.0663640306617 0.00811720529826 -2.11483326045 0.0674709966349 0.00845139378602 16.7
-2.11533674508 0.0664954515638 0.0107958921565 -2.11478118083 0.0675639944378 0.00901580818295 16.725
-2.11533674508 0.0664954515638 0.0107958921565 -2.11474769802 0.0676438962125 0.00950937569539 16.75
-2.11524908166 0.067261722327 0.00931933537054 -2.11471778136 0.0678243542977 0.00960901322734 16.775
-2.11524908166 0.067261722327 0.00931933537054 -2.11470343518 0.0679838409813 0.00968693231115 16.8
-2.11233512633 0.0715594543202 0.00864970751093 -2.11427237374 0.0687580707287 0.00959657596332 16.825
-2.11233512633 0.0715594543202 0.00864970751093 -2.11388693825 0.0694634985061 0.00950667260658 16.85
-2.11141251058 0.072678321153 0.00826443795178 -2.11340783871 0.0702683817175 0.00933253219105 16.875
-2.11141251058 0.072678321153 0.00826443795178 -2.11297911801 0.0709975323283 0.00917081951719 16.9
-2.111378046 0.0729238201523 0.00734206426228 -2.11259246291 0.0716907598636 0.00881681451983 16.925
-2.111378046 0.0729238201523 0.00734206426228 -2.11225025046 0.0723125131352 0.00850005215294 16.95
-2.111378046 0.0729238201523 0.00734206426228 -2.11194946183 0.0728664488374 0.0082187830231 16.975
-2.11253489935 0.0722376770493 0.00893462656442 -2.11185806111 0.0732548591782 0.00832468080689 17.0
-2.11253489935 0.0722376770493 0.00893462656442 -2.11178899694 0.0735906379317 0.00841943112301 17.025
-2.11253489935 0.0722376770493 0.00893462656442 -2.11174011998 0.073877039547 0.00850385319926 17.05
-2.11113857743 0.074597975538 0.00911346931465 -2.11150314279 0.0744659040759 0.00861841327556 17.075
-2.11113857743 0.074597975538 0.00911346931465 -2.11129851844 0.0749844684575 0.00871931924697 17.1
-2.11045031319 0.0754534283088 0.00945129245538 -2.11102209786 0.0755632944581 0.00888255640205 17.125
-2.11001972848 0.0778604810138 0.0101153989447 -2.11071751565 0.0764258082585 0.00917241040137 17.15
-2.11001972848 0.0778604810138 0.0101153989447 -2.1104507459 0.0771931045157 0.00942509374508 17.175
-2.11001972848 0.0778604810138 0.0101153989447 -2.11021908469 0.0778706906503 0.00964325132631 17.2
-2.11001972848 0.0778604810138 0.0101153989447 -2.11001993076 0.0784639785768 0.00982949103074 17.225
-2.10946136799 0.0794834304262 0.00996416182604 -2.1097683118 0.0792179953915 0.00995280723016 17.25
-2.10946136799 0.0794834304262 0.00996416182604 -2.1095507594 0.0798794523604 0.0100533582797 17.275
-2.10868310409 0.0802428470659 0.0079901434058 -2.1092497606 0.0805663574636 0.00969515955595 17.3
-2.10868310409 0.0802428470659 0.0079901434058 -2.10898681027 0.0811634673706 0.00937169692277 17.325
-2.10722151645 0.0835748396198 0.00679752102828 -2.10854330017 0.0821688635277 0.00881684191247 17.35
-2.10722151645 0.0835748396198 0.00679752102828 -2.10814939202 0.0830576457845 0.00832597607052 17.375
-2.10779010174 0.0829740011919 0.00690967806858 -2.1078858599 0.0837482591352 0.00792035445172 17.4
-2.10779010174 0.0829740011919 0.00690967806858 -2.10765903851 0.0843434257331 0.00756835105766 17.425
-2.10779010174 0.0829740011919 0.00690967806858 -2.10746618963 0.0848497173823 0.00726640174747 17.45
-2.10725385435 0.087687090593 0.0092945351499 -2.10722547059 0.0859696760003 0.00754027752433 17.475
-2.10725385435 0.087687090593 0.0092945351499 -2.10701975565 0.0869588590424 0.00779274095208 17.5
-2.10725385435 0.087687090593 0.0092945351499 -2.10684636318 0.0878254893618 0.00802435966909 17.525
-2.10558876592 0.090720103978 0.00866199639673 -2.10645677202 0.0890255782807 0.00809532869139 17.55
-2.10558876592 0.090720103978 0.00866199639673 -2.10611370388 0.0900838674618 0.00816374176411 17.575
-2.10568874837 0.0918100803486 0.00603800468819 -2.10582877416 0.0911703618712 0.00764674409892 17.6
-2.10568874837 0.0918100803486 0.00603800468819 -2.1055830117 0.0921202409678 0.00719714267953 17.625
-2.10618514508 0.0929923646585 0.00826876799872 -2.10544684327 0.093117185921 0.00730523494729 17.65
-2.10618514508 0.0929923646585 0.00826876799872 -2.10533842171 0.0939816983012 0.00741094879385 17.675
-2.1054049581 0.0932324805532 0.00714179333791 -2.10514006272 0.0947583445006 0.00726330439725 17.7
-2.1054049581 0.0932324805532 0.00714179333791 -2.10497368687 0.0954177142882 0.00714209132407 17.725
-2.1054049581 0.0932324805532 0.00714179333791 -2.1048366968 0.0959684772052 0.00704470854119 17.75
-2.10462635681 0.0957940536047 0.00594183023936 -2.10461159949 0.0967973782703 0.00670230427788 17.775
-2.10462635681 0.0957940536047 0.00594183023936 -2.10442002057 0.0975045348116 0.0064111863973 17.8
-2.10488563069 0.0987489675324 0.00629287495325 -2.10429761765 0.0985354061557 0.00624491901555 17.825
-2.10488563069 0.0987489675324 0.00629287495325 -2.10420056655 0.0994280647112 0.00611189182872 17.85
-2.10488563069 0.0987489675324 0.00629287495325 -2.10412656745 0.100192284816 0.0060086268372 17.875
-2.1043293571 0.100175862025 0.00861035294273 -2.10399126363 0.101048282942 0.00644620638846 17.9
-2.1043293571 0.100175862025 0.00861035294273 -2.10388116732 0.101777931462 0.00684460116263 17.925
-2.1043293571 0.100175862025 0.00861035294273 -2.10379403926 0.102390702285 0.00720485135445 17.95
-2.10378005436 0.101054483065 0.00656762778448 -2.1036466111 0.103025508509 0.00707474266704 17.975
-2.10378005436 0.101054483065 0.00656762778448 -2.10352434141 0.103551208047 0.00696411832607 18.0
-2.10461849196 0.101718867529 0.00530924179386 -2.10354889054 0.104074796022 0.00659161947738 18.025
-2.10496248199 0.101619709991 0.00688601624454 -2.10363545336 0.104484322473 0.00661858619099 18.05
-2.10496248199 0.101619709991 0.00688601624454 -2.10372766213 0.104804050359 0.00664858304817 18.075
-2.10496248199 0.101619709991 0.00688601624454 -2.10382419857 0.105042046696 0.00668054301742 18.1
-2.10484871494 0.103356857062 0.00655170278672 -2.10390703952 0.1054626069 0.00663931977513 18.125
-2.10316011772 0.106471651223 0.00343931119896 -2.10374376648 0.106256481827 0.00591645715851 18.15
-2.10316011772 0.106471651223 0.00343931119896 -2.10360223779 0.106935391701 0.00528540442768 18.175
-2.10316011772 0.106471651223 0.00343931119896 -2.10348066969 0.107508249773 0.00473956979299 18.2
-2.10340334344 0.107542270866 0.00466056838461 -2.10341329429 0.10814174599 0.00454356208418 18.225
-2.10340334344 0.107542270866 0.00466056838461 -2.10335976747 0.108673558179 0.00438704429877 18.25
-2.10507818416 0.105989024594 0.00619137388313 -2.10356606718 0.108882600235 0.00460573827109 18.275
-2.10507818416 0.105989024594 0.00619137388313 -2.10376412251 0.109024232974 0.00481468855349 18.3
-2.10389870894 0.109892043452 0.00623199124888 -2.10377926481 0.109681845191 0.00502184301058 18.325
-2.10473620022 0.108268344077 0.00652077116609 -2.10392267412 0.110000515141 0.00528030672358 18.35
-2.10473620022 0.108268344077 0.00652077116609 -2.1040601101 0.11024686384 0.00551756962672 18.375
-2.10328557793 0.112114372759 0.00584644203893 -2.1039769189 0.110995874946 0.00558401205299 18.4
-2.10328557793 0.112114372759 0.00584644203893 -2.10390381872 0.11164155403 0.00564772699216 18.425
-2.10269360894 0.113626930015 0.00799017678912 -2.10375243556 0.112415335353 0.0061837938753 18.45
-2.10323838362 0.11359781873 0.00670172136446 -2.10369664348 0.113079695938 0.00637199437747 18.475
-2.10571013098 0.11053797928 0.00570343193768 -2.10401367623 0.113195367449 0.00631473444192 18.5
-2.10571013098 0.11053797928 0.00570343193768 -2.10430908458 0.113257385323 0.00626166457463 18.525
-2.10482466425 0.113119788072 0.00739518527729 -2.10445251843 0.113653025103 0.00658782995849 18.55
-2.10482466425 0.113119788072 0.00739518527729 -2.10458549369 0.113976684522 0.00687174076167 18.575
-2.104454739 0.114588325499 0.00846075288942 -2.10465349021 0.114451761638 0.00735256187618 18.6
-2.104454739 0.114588325499 0.00846075288942 -2.10471558922 0.11485052965 0.00776775087073 18.625
-2.104454739 0.114588325499 0.00846075288942 -2.10477182097 0.115179525935 0.00812189573317 18.65
-2.1063638406 0.112210074761 0.00368108542273 -2.10510423841 0.115093691931 0.00735865140415 18.675
-2.1063638406 0.112210074761 0.00368108542273 -2.10540888387 0.114977719982 0.00667234134128 18.7
-2.1063638406 0.112210074761 0.00368108542273 -2.10568678713 0.114836098584 0.00605916837657 18.725
-2.10521027748 0.114600253008 0.00344012535881 -2.10576861589 0.1150260603 0.00546179038357 18.75
-2.10521027748 0.114600253008 0.00344012535881 -2.10583917359 0.115170822017 0.00493626754989 18.775
-2.10521027748 0.114600253008 0.00344012535881 -2.105899013 0.115275117564 0.00447820369769 18.8
-2.10726733002 0.113236907607 0.00580476933059 -2.10625254003 0.115142025913 0.00460803891047 18.825
-2.10726733002 0.113236907607 0.00580476933059 -2.10657270979 0.114992863667 0.00473270734006 18.85
-2.10661922957 0.115263180822 0.00551570525745 -2.10676534656 0.115130194649 0.00478770172802 18.875
-2.10661922957 0.115263180822 0.00551570525745 -2.10693522694 0.115234311188 0.00484464860993 18.9
-2.10661922957 0.115263180822 0.00551570525745 -2.10708359923 0.115308929102 0.00490274985838 18.925
-2.10633541985 0.116873150351 0.00524531400171 -2.1071697857 0.115595323487 0.00490123339092 18.95
-2.10633541985 0.116873150351 0.00524531400171 -2.10724022112 0.115840316148 0.00490670548229 18.975
-2.10834999672 0.114412588161 0.00528731293083 -2.10759355659 0.115684236531 0.00492738022348 19.0
-2.10826363954 0.115950659438 0.00400761563386 -2.10789724845 0.115749705088 0.00466770843653 19.025
-2.10826363954 0.115950659438 0.00400761563386 -2.10816704783 0.115793935758 0.00444533452564 19.05
-2.10826363954 0.115950659438 0.00400761563386 -2.10840488705 0.115819627961 0.00425720892124 19.075
-2.10811917249 0.116446502601 0.00416344786421 -2.10859133181 0.115902523661 0.00413495407211 19.1
-2.10811917249 0.116446502601 0.00416344786421 -2.10875126371 0.115965965148 0.00403690214211 19.125
-2.10811917249 0.116446502601 0.00416344786421 -2.108886452 0.116012318829 0.00396054372108 19.15
-2.10958121484 0.114994869232 0.00257827138173 -2.10921457947 0.115829362282 0.00355161347966 19.175
-2.10958121484 0.114994869232 0.00257827138173 -2.10950447799 0.115650319914 0.00320239952244 19.2
-2.10958121484 0.114994869232 0.00257827138173 -2.10975847865 0.115476374805 0.00290796917622 19.225
-2.11044093432 0.115169009585 0.00194756291831 -2.11010584938 0.115334279887 0.00252352336383 19.25
-2.11044093432 0.115169009585 0.00194756291831 -2.11041189453 0.115197187445 0.00220140073829 19.275
-2.11044093432 0.115169009585 0.00194756291831 -2.11067919346 0.115065930322 0.00193600545267 19.3
-2.11008070717 0.116631755481 0.00316071660095 -2.11085705881 0.115157269125 0.00199120134729 19.325
-2.11008070717 0.116631755481 0.00316071660095 -2.11100532123 0.115238819042 0.00205978667716 19.35
-2.11008070717 0.116631755481 0.00316071660095 -2.11112620347 0.115311739339 0.00213886043445 19.375
-2.11182445142 0.115306071243 0.00300271441171 -2.11147942118 0.115181271892 0.00219067332578 19.4
-2.11038978261 0.117322781505 4.04179797676e-05 -2.11157742549 0.115357390305 0.00159456911292 19.425
-2.11038978261 0.117322781505 4.04179797676e-05 -2.1116515425 0.11551913588 0.00108543307878 19.45
-2.11038978261 0.117322781505 4.04179797676e-05 -2.11170384915 0.115667611255 0.00065585928037 19.475
-2.11236010978 0.114937887117 0.00224870471288 -2.11202737236 0.115451576366 0.000788863688383 19.5
-2.11133752064 0.115269317206 -0.00128438229587 -2.11215917649 0.115300771557 0.000143628352538 19.525
-2.11274057799 0.113410637085 -0.00346572659731 -2.11247212848 0.11488763004 -0.000887365931589 19.55
-2.11274057799 0.113410637085 -0.00346572659731 -2.11274496151 0.114508030195 -0.00176979402903 19.575
-2.11274057799 0.113410637085 -0.00346572659731 -2.11298044495 0.114160889509 -0.00251581008876 19.6
-2.11274057799 0.113410637085 -0.00346572659731 -2.11318125996 0.113845073623 -0.003137245882 19.625
-2.11328420853 0.113126569929 -0.000766950330708 -2.11343029545 0.113517443917 -0.00304653362243 19.65
-2.11328420853 0.113126569929 -0.000766950330708 -2.1136434686 0.113222023306 -0.00292653977325 19.675
-2.11280111432 0.112207163453 -0.00177767544398 -2.1137520867 0.112821622994 -0.00300758323496 19.7
-2.11192083908 0.114414088958 -0.00144740812355 -2.11370563793 0.112787237205 -0.00297028872047 19.725
-2.11192083908 0.114414088958 -0.00144740812355 -2.11364656734 0.112765506805 -0.00290368320671 19.75
-2.11192083908 0.114414088958 -0.00144740812355 -2.11357660917 0.11275559043 -0.00281352897549 19.775
-2.11192083908 0.114414088958 -0.00144740812355 -2.11349740035 0.112756639075 -0.00270510101336 19.8
-2.11340258658 0.112109776367 -0.00105886667487 -2.11362934337 0.112427440973 -0.0024969403796 19.825
-2.11340258658 0.112109776367 -0.00105886667487 -2.11373788587 0.112134151252 -0.00229006130551 19.85
-2.11366737714 0.111424531999 -0.000183004943267 -2.11386418253 0.111773630717 -0.0018931929846 19.875
-2.11366737714 0.111424531999 -0.000183004943267 -2.11396800827 0.111453105698 -0.00152703293942 19.9
-2.11366737714 0.111424531999 -0.000183004943267 -2.11405134017 0.111170360945 -0.00119228904471 19.925
-2.11366737714 0.111424531999 -0.000183004943267 -2.11411606093 0.110923204821 -0.000889249014544 19.95
-2.1141532891 0.110200372541 0.000499794398725 -2.11423573202 0.110528658632 -0.000466249744892 19.975
