3.69351768439 0.664680054749 1.9886724326 0.764427298611 0.16900701986 90.5514648514 3.69876027102 0.652828941952 2.0497973076 -0.110824875815 0.194646634617 90.7534185448 35.964 1
3.70487358029 0.666255337365 2.10060712231 0.960233218119 0.237156480057 90.9538983795 3.69443334528 0.654468872651 2.16753632335 -0.212462970517 0.184333886429 90.7780822399 36.144 1
3.69073280971 0.659037801971 2.28604766068 -0.164603339904 0.119756064102 90.7125559234 3.68952377399 0.657209316614 2.30740829338 -0.209582811514 0.110988069236 90.7390221822 36.36 1
3.68761795538 0.662525516247 2.41478727859 -0.169718213852 0.0734861025724 90.7023434622 3.68515833815 0.660740476716 2.43060553853 -0.248394395814 0.0640922408692 90.6888384269 36.576 1
3.6845321066 0.665307115619 2.53920666656 -0.228327834895 -0.0577310200287 90.6584548954 3.68212392011 0.664298968399 2.55322099547 -0.26497733374 -0.0563112329495 90.6493379391 36.756 1
3.67903930306 0.669636214227 2.63410880928 -0.267410212513 -0.0592106710882 90.5640315031 3.67999930885 0.668190341 2.63567096689 -0.257975061239 -0.0599280523573 90.6309327855 36.936 1
3.68237917747 0.673663017287 2.67829500909 0.0929870462202 -0.0738141692802 90.668612107 3.67841650945 0.673243969506 2.68795568124 0.174683633715 -0.0725965779903 90.6203955497 37.188 1
3.68247285345 0.676004442561 2.70621521512 0.254705066862 0.00130469365543 90.6826133557 3.67809151672 0.675020294679 2.71559397186 0.205719371149 0.0183519106146 90.6249677842 37.368 1
3.67879690257 0.677013136083 2.73112344347 0.443518654617 -0.0372317834761 90.6073203874 3.67788852229 0.675299903097 2.73692237628 0.294423254986 -0.0427457031611 90.630954967 37.548 1
3.67869604732 0.675293328398 2.75126689571 0.316861988899 -0.0479180354307 90.5962087147 3.67790969852 0.673776341763 2.75534467601 0.254966120725 -0.0551554005873 90.6246760888 37.764 1
3.68403451936 0.672738959061 2.76485329466 0.227497471889 -0.0458034760305 90.7032739903 3.67829666342 0.671033981398 2.76761504255 0.211758014438 -0.0433598438464 90.6050527672 37.98 1
3.67669343201 0.669611853139 2.76715509174 0.321052489188 -0.0490556722098 90.4949829084 3.67874955488 0.668295312276 2.77535016866 0.157619543554 -0.0323429916365 90.590078071 38.16 1
3.68424096034 0.666054573579 2.78238831022 0.0716139009496 -0.120992352436 90.6542176658 3.67924816633 0.665459954452 2.78096359619 0.138594242425 -0.10124937895 90.5814517248 38.34 1
3.67992880171 0.663724624478 2.78679623425 -0.00191423534743 -0.182654918603 90.4986444521 3.68051383983 0.661594628078 2.78748635932 0.0498948571944 -0.19074638645 90.5522536541 38.592 1
3.68293406353 0.660870284174 2.78694740823 0.114598301546 -0.181238983217 90.5167182942 3.68175093805 0.659759441444 2.78961153766 0.0939973977773 -0.181494388236 90.5345068245 38.736 1
3.68431552085 0.658370516239 2.78535666366 0.182144130076 -0.172321573163 90.4717376281 3.68462282108 0.65684822144 2.79273612981 0.00863953920933 -0.207505757511 90.5065631765 38.988 1
3.68558659647 0.656866864707 2.79351870293 -0.174011886789 -0.26649808496 90.4262815915 3.68715052163 0.655241486311 2.79365785982 -0.116913991484 -0.25451234398 90.499954589 39.168 1
3.68763838925 0.656002401972 2.79346918895 -0.277162923678 -0.258542799431 90.3828106586 3.69025997956 0.654634026768 2.7943751129 -0.251661512086 -0.271180005704 90.4922677918 39.348 1
3.69733572133 0.657327880899 2.79419048495 -0.122076552949 -0.275692072802 90.4943755961 3.6945838477 0.655562131087 2.79481469715 -0.10586997296 -0.271741072594 90.479266861 39.564 1
3.70070887961 0.659009641917 2.7892179913 0.0927987787951 -0.266477187594 90.4505239314 3.69938698777 0.657140415969 2.79634473 -0.0325330224046 -0.26927310622 90.4634376494 39.78 1
3.70373015971 0.658401348801 2.86256265294 3.70557519971 8.85173210481 88.0218883148 3.70124286556 0.656060436673 2.88209160144 5.77752098245 11.1093415785 87.8763454204 39.996 1
3.67903691228 0.641459924408 2.93595207735 1.47254184127 24.2812397519 77.3526582953 3.6647364911 0.635425603487 2.94944235027 6.26584983191 26.5594592744 79.5290827683 40.176 1
3.56781509856 0.604804840258 3.00172294738 -16.4317650815 30.3205227596 64.5866330426 3.51594546065 0.588893871642 2.98600854868 -4.20412354486 32.2705498699 62.1403738107 40.356 1
3.27132221343 0.558139094726 2.98057766147 -18.983472639 16.8734218977 49.8415907102 3.18072368333 0.568734130164 3.00508325733 -2.87563708813 19.7950352649 47.3761846572 40.572 1
2.94533737908 0.577729625108 2.99383142638 -13.9427727415 10.9848494874 39.6303191077 2.85972988996 0.577073325443 3.01446687376 -0.245349561814 16.7699968305 38.717412931 40.752 1
2.47049418712 0.591719943583 3.00711491837 -15.4655719476 9.0362956667 30.526366338 2.47415190745 0.588815521833 3.02490855344 -0.340457810665 17.4208550329 31.8112836251 40.968 1
2.0934112576 0.59976081298 3.0277935119 -17.2307469713 7.66306252706 27.1479511166 2.08693096007 0.599788554705 3.03236497898 -0.577831580149 17.4922706944 27.9550277764 41.184 1
1.83852037017 0.615074480116 3.03374553868 -14.369202969 5.68562108998 26.0768828556 1.76438638286 0.609345039685 3.03240639044 -0.440695300416 12.8401359981 26.4467611984 41.364 1
1.54563342155 0.612952862553 3.04065035797 -10.3597233926 3.56802551677 25.88691387 1.40429142065 0.620427320193 3.03101783043 -0.467750012703 8.32344603901 25.7571925348 41.58 1
1.20723626241 0.624132359409 3.0352937514 -8.01189831266 2.32045842276 25.6058523617 1.14334393945 0.629341443632 3.02898787659 -0.472606798192 6.72915765831 25.5695943008 41.76 1
0.97738709263 0.628660869144 3.03360083471 -6.85850706619 1.96771119589 25.5935189713 0.877046876282 0.63986374505 3.02698745312 -0.389305950013 5.63784573145 25.5511537067 41.976 1
0.674815534301 0.644289183008 3.03157053517 -5.7739738574 1.42639637771 25.6650123108 0.654372519736 0.649892796092 3.02684801556 -0.431287138103 4.68566299956 25.6306300761 42.192 1
0.492424818975 0.647886764329 3.02754658519 -5.00035715376 1.02504263201 25.8304912629 0.49703447748 0.658127491414 3.0263704203 -0.542085322163 3.87879729048 25.7305895066 42.372 1
0.338428579616 0.660800830441 3.03124537361 -4.78559925283 0.609128135822 25.9230384303 0.33764664655 0.6685654143 3.0271328794 -0.57920194587 3.21652756236 25.8550427172 42.588 1
0.233624058051 0.661252505147 3.02979706058 -4.26837143656 0.522931367704 26.0642852408 0.225732014139 0.677905065835 3.0277349403 -0.604267346883 2.7676584995 25.95475667 42.768 1
0.138318561333 0.673010953734 3.03705887401 -4.09783634449 0.247582460974 26.1711222953 0.112226192519 0.689564822984 3.03084436736 -0.461193361083 2.22553363566 26.0601533148 42.984 1
0.0167130474019 0.680990562087 3.03921349463 -2.77945986419 0.305343160956 26.2722050586 0.0326138410752 0.69904256875 3.03457431152 -0.311159708017 1.82616454553 26.1469661536 43.164 1
-0.0387100687204 0.682190568314 3.04024662774 -2.22519258716 0.368307864755 26.3584865015 -0.0473424489932 0.709195111234 3.04087554408 -0.147683294383 1.52871354179 26.2355871905 43.38 1
-0.105377480934 0.695634276776 3.04893793616 -1.57826697318 0.391231483252 26.3831489702 -0.103118061 0.716256594651 3.04642437742 0.000881227809523 1.22125148946 26.2940200974 43.56 1
-0.157633551635 0.699631553306 3.05660019742 -1.25406067115 0.272078732514 26.4516722929 -0.158848052793 0.722520869025 3.05509284488 0.00164759000876 1.01179148187 26.3570697866 43.776 1
-0.197069738285 0.687568299759 3.05416836508 -0.271679836157 0.605693228517 26.6467825847 -0.19739314223 0.726355703745 3.0632304614 0.00879637659619 0.870683637375 26.3923161365 43.956 1
-0.257705271264 0.682287498036 3.06944965745 -0.155325208041 0.410227395953 26.7570130539 -0.235983737748 0.729679641867 3.07383650337 -0.0438819134243 0.666654957027 26.4201211783 44.172 1
-0.275988526511 0.703768201604 3.08171136118 -0.446698073454 0.238621621501 26.6288863013 -0.262540753889 0.731912866928 3.08163966923 -0.0413979159409 0.595824374899 26.4452856654 44.352 1
-0.302758511862 0.701411441761 3.09681773531 -0.587716032959 -0.00739342057838 26.718768827 -0.289055733785 0.73409969385 3.09086398514 -0.0354188794695 0.354986300832 26.4716977033 44.568 1
-0.329175468738 0.703216357842 3.09874945352 0.326559379855 0.213195997695 26.7027589457 -0.31009544029 0.735904098073 3.09734273999 0.150274946689 0.171108540877 26.4926249697 44.784 1
-0.341820862425 0.70785581201 3.09491960404 0.488772808901 0.348348858961 26.6771859811 -0.323636943288 0.736432122131 3.10092681466 0.160297478893 0.201267861051 26.5112903107 44.964 1
-0.347987135692 0.687539073695 3.10534967984 0.679079404454 0.342941852188 26.9457613244 -0.336457657694 0.735917811796 3.10606606757 0.162794014716 0.216909274888 26.5246634898 45.18 1
-0.405679663394 0.695629829151 3.12197465495 -0.252433008795 -0.0780445378162 26.5654486119 -0.346657810665 0.734594650926 3.1116345149 0.1040633908 0.0544489461288 26.5363932597 45.396 1
-0.369046424122 0.670919708672 3.11252046159 1.35102184534 0.362656574075 27.100075672 -0.353153759063 0.733257986962 3.11690233036 0.0769417324514 0.0261831968326 26.5495925766 45.576 1
-0.383212967869 0.686904327481 3.16631079868 -2.15392758106 -0.878637253581 26.9887582059 -0.358033841856 0.731923778568 3.11999560963 0.123465164681 0.100001273418 26.5613524125 45.756 1
-0.388955115402 0.68671992689 3.15222504495 -0.941705884587 -0.377044278604 26.9079275757 -0.362742663501 0.73009582345 3.1239011647 0.189244109574 0.109282435615 26.5735794408 45.972 1
-0.397210915724 0.694145283971 3.17135928442 -1.87779280356 -0.768491163887 26.83518872 -0.36673951948 0.727692830034 3.12625834858 0.183610573475 0.138156027237 26.5704966427 46.188 1
-0.404893634907 0.666997878641 3.15961622054 -0.906640639709 -0.355519653546 27.0147066826 -0.370431463053 0.724803748069 3.12990898063 0.262531899691 0.0897906046171 26.5702529873 46.404 1
-0.406023967086 0.680664635626 3.14520811346 0.192081874503 0.045837956627 26.8154027787 -0.373141189845 0.721857714407 3.13143414072 0.327320394972 -0.0269826185072 26.5766512998 46.584 1
-0.399388055571 0.687795901514 3.15532043698 -0.0666600601779 -0.134321420645 26.7692018131 -0.375148888925 0.718102538034 3.13306025218 0.30417512419 -0.0352424937424 26.5866441122 46.764 1
-0.409922492257 0.647104412657 3.13686396009 1.03643495037 0.205958198983 27.084919024 -0.376626501969 0.713003007406 3.13169470615 0.173744745162 -0.132775468231 26.5999924265 46.98 1
-0.401240241229 0.65291496757 3.17844145868 -1.89662333009 -0.912701289276 27.1529651314 -0.376830782665 0.708161529699 3.12971453335 0.169147258876 -0.0339314911643 26.6038681216 47.196 1
-0.419500275961 0.6582856219 3.14091711487 -0.250406540708 -0.168598283297 26.8035575935 -0.376615792788 0.704420006803 3.12620736525 0.0891450053428 0.0176995623715 26.5911216524 47.376 1
-0.395444200297 0.649586496247 3.12334588879 1.21894244362 0.259034221117 27.0123009747 -0.376508251577 0.701185422914 3.12319743783 0.0590931925856 -0.0619521075139 26.5893379314 47.556 1
-0.398205142116 0.642732683133 3.12623212121 0.745270085356 0.128182132339 27.0453960569 -0.37613287328 0.698052317959 3.119284146 0.181515936003 -0.0705242772675 26.6011078188 47.772 1
-0.41171091249 0.652817184774 3.11175657964 1.3804020908 0.370082005272 26.8274996237 -0.375495890458 0.695426549459 3.11791514118 0.120867103906 -0.161643093093 26.6095370183 47.952 1
-0.400012279592 0.655819689219 3.18763559574 -4.13305812331 -1.78853178444 27.0994924198 -0.374303804582 0.692882654314 3.11528408036 0.0351261558655 -0.0865978571319 26.6140136684 48.132 1
-0.396248210515 0.631029487258 3.13303596886 0.0125844989934 -0.319149264175 27.0797847891 -0.372295140402 0.690085525955 3.11243393643 -0.00972074064028 -0.209922009117 26.6107716948 48.384 1
-0.401856672089 0.636263293234 3.08776066637 2.4673769871 0.648275961358 26.9787499367 -0.370333128569 0.688748130064 3.10790357976 0.0597950284195 -0.264647603356 26.61380206 48.564 1
-0.401850224727 0.63331322877 3.11818844157 -0.279924700299 -0.383998657549 26.991353569 -0.367664041973 0.687540734424 3.10500719792 -0.0634451755776 -0.851060397432 26.6239258942 48.744 1
-0.393330470061 0.648776645138 3.11135134329 16.329501609 -6.29509772981 27.0215367277 -0.347698851034 0.685734094807 3.12266145697 0.425103674325 -16.6639942495 27.8687236698 48.96 1
-0.282904651923 0.641756857448 3.0872365006 8.83943941136 -4.19200918281 30.0483125935 -0.240398236892 0.682067775765 3.10878715585 -0.1471074696 -8.33636817895 30.2270247911 49.176 1
-0.144942633995 0.654708168415 3.09047492019 3.42376530848 -2.28780630414 31.7211394236 -0.100323193771 0.680317458748 3.09456023966 -0.101731125615 -3.85559858122 31.9282311395 49.392 1
-0.0120617290518 0.651394374889 3.08690036348 2.68726570611 -1.78756375576 32.8826273903 0.00596193782041 0.680035369316 3.08353293997 -0.0319721269772 -3.13653203572 32.7648410909 49.572 1
0.0790979228963 0.665632138619 3.07869670956 1.86872372946 -1.70000618384 33.2225813589 0.116774649264 0.680175188466 3.07288578364 -0.100515527616 -2.63462582631 33.3330802648 49.788 1
0.168747756894 0.665008725477 3.0624077554 1.77686187267 -1.28570484449 33.5805886414 0.196788855131 0.680829560797 3.06390821592 -0.0796812853838 -2.12187423076 33.5861924189 49.968 1
0.250982994546 0.663186123656 3.0587886435 1.19556387211 -1.11082297682 33.8103376619 0.266221523392 0.681771210845 3.05338942505 -0.0546545082449 -1.72242686434 33.729553771 50.148 1
0.312222874426 0.671946329999 3.0353961051 0.961793386395 -0.797103995392 33.7753656906 0.336674306874 0.682915452958 3.04012509251 -0.116494377558 -1.35985915309 33.8141966051 50.364 1
0.38062927276 0.675325419105 3.03840411212 0.325602099773 -0.883724694934 33.8387328785 0.394829543448 0.684384337905 3.03039129933 -0.136024333385 -1.15744367692 33.8421344144 50.58 1
0.432984353046 0.672496720795 3.01953521293 0.765206948334 -0.557837181535 33.9080531287 0.442964193882 0.686364165125 3.02252891894 -0.09618087179 -0.901394075466 33.8417167935 50.796 1
0.464672573409 0.676855913112 3.02425937676 0.135665386158 -0.597262765952 33.8662931141 0.476598023879 0.688117186418 3.01922431052 -0.144618718254 -0.6973797649 33.8383512889 50.976 1
0.499420108302 0.686033062578 3.01822915796 0.365185557232 -0.427953161673 33.819839455 0.504890744204 0.690072106303 3.01615326018 0.00947472879778 -0.644723800795 33.8339442481 51.156 1
0.523741198917 0.680218512471 3.01438179635 0.868635896646 -0.329482534271 33.8711298106 0.533252484873 0.691808434514 3.01299912435 0.122334764741 -0.644813776545 33.8110610823 51.372 1
0.549068099015 0.687252235925 3.01291213544 0.68710491636 -0.313528057437 33.7882080476 0.553547400687 0.692309646461 3.01284925233 0.0792085488379 -0.591698421236 33.7951669975 51.552 1
0.570671608195 0.687096145929 3.01149836489 0.882563315417 -0.172319052053 33.7707489026 0.574615049201 0.692220462369 3.01324181451 0.154486301902 -0.483583058305 33.7679633934 51.768 1
0.58581227647 0.684526885532 3.02409540767 0.0727993148938 -0.38715678026 33.7810557339 0.592576931849 0.691361487861 3.01638725343 0.0406588601817 -0.438009211552 33.746993972 51.984 1
0.603233587879 0.688160608874 3.0256636348 0.37899720808 -0.332678912826 33.715652577 0.605563209202 0.690571692872 3.01901633206 0.095511245835 -0.465179567784 33.7444167951 52.164 1
0.612653759606 0.680861114174 3.02583976279 0.383966920697 -0.263724759255 33.7800710187 0.619555949723 0.6892875465 3.02274321341 0.0960101344312 -0.395056961979 33.7400943486 52.38 1
0.62297208085 0.678135842641 3.02476395396 0.852722153743 -0.0987866747788 33.7947243142 0.630026987778 0.68791490523 3.02572705919 0.168641185305 -0.366070181146 33.7325322632 52.56 1
0.634042619093 0.678485138853 3.03432196557 0.220071247955 -0.143121694586 33.7497382319 0.639512398037 0.686082505638 3.03082410593 0.07477818494 -0.202485806988 33.7355428506 52.74 1
0.645499822329 0.680918615406 3.03780521655 0.0262156628663 -0.0386804098394 33.7267811012 0.650295980015 0.683586304489 3.0358582249 -0.0136662456094 0.0575343723936 33.7454215546 52.992 1
0.651776907394 0.67401063424 3.04003615601 -0.227940162393 -0.0753691046333 33.7999900078 0.655587204829 0.682270851331 3.03811999229 -0.0607306539764 0.0602476154866 33.745745797 53.172 1
0.6559791258 0.678963163521 3.04404694761 -0.164307292217 -0.131561413032 33.7106000256 0.6597674611 0.681539987355 3.04134667951 -0.0347323683476 -0.052593464222 33.7401255324 53.388 1
0.658568593403 0.672580461712 3.04639887303 0.00214884556433 -0.185663152285 33.7884695255 0.662376788637 0.681366286868 3.04221835118 -0.00168602072109 -0.153075016824 33.7442666772 53.568 1
0.661039459264 0.675108811228 3.04740586209 0.0256231191531 -0.119012306763 33.7345774362 0.665502444256 0.681171148329 3.04552709044 -0.010484253509 -0.0860396092259 33.7266714196 53.784 1
0.66334619506 0.678717539494 3.05219101836 -0.0104961022122 -0.132864206263 33.678509447 0.667924702195 0.681042834761 3.04774903073 0.0357401523636 -0.0989621504339 33.7222240473 53.964 1
0.664651299681 0.675147352562 3.0551391118 0.0279663794639 -0.0793052827095 33.7162657752 0.670530724605 0.680769765931 3.0526299881 0.0344927640775 -0.0459875667737 33.7263019684 54.18 1
0.668631933896 0.675706020582 3.05977336226 -0.0820721708344 -0.142165220908 33.7337136464 0.672356874689 0.680425201427 3.05663240854 -0.0485655396652 -0.0141161027231 33.7266640213 54.36 1
0.673416476259 0.673089695934 3.06654039426 -0.328701617505 -0.0920543438218 33.7913175864 0.673842402114 0.680342183861 3.06151481994 -0.0426661090627 0.0899884122632 33.730622866 54.54 1
0.673594153382 0.668590455465 3.06864594229 -0.0684915444712 -0.051962035811 33.8388709944 0.674828610714 0.680518666706 3.06635856586 0.0349136847346 0.077772875549 33.7284274913 54.792 1
0.671271340587 0.67610911387 3.07611798325 -0.390128172476 -0.0475633106202 33.7252275282 0.674908880049 0.680434527904 3.071193042 -0.00901558355176 0.156304459704 33.7288525593 54.972 1
0.67286561597 0.677298776408 3.0791430688 -0.371444870647 -0.114400928685 33.7266564936 0.674180811686 0.680488263998 3.0759442777 -0.0466626701169 0.0701159324375 33.7330063979 55.188 1
0.672031702457 0.677421024056 3.08252353423 -0.194088492828 -0.0464054468532 33.7467832616 0.673342654922 0.680747824101 3.08060646953 0.00188806875189 0.0376293047336 33.7481715958 55.368 1
0.668262044451 0.680038079944 3.08623515131 -0.0470513348221 -0.0708154575968 33.6970914216 0.672305114433 0.680993124697 3.08327253328 0.0208461571793 0.0156483135075 33.7607653881 55.584 1
0.668538142332 0.678919717173 3.09262489325 -0.251091229563 -0.0925288167146 33.7348321215 0.671614615185 0.680996180204 3.08645850574 0.0475073152957 0.0780734295507 33.7613756274 55.764 1
0.66650256324 0.679236423829 3.09456284213 -0.0541136753914 -0.0645148326078 33.7005199556 0.670850512036 0.680752942037 3.08829203066 0.120595198125 -0.00139472221941 33.7456566204 55.944 1
0.665586489135 0.674340181076 3.09456728097 0.131482000412 -0.00219731672624 33.7301170298 0.670004200636 0.679625949146 3.09091883683 0.0545030290032 0.0127857017441 33.7296512377 56.196 1
0.66568534076 0.67254885833 3.10512317733 5.23546187373 -4.79903242444 33.520374109 0.669622329371 0.678625103954 3.11441229672 -0.0104247076676 -12.5125869879 34.0736581078 56.376 1
0.695257786218 0.672184975113 3.12330801142 13.7522094333 -9.47533152155 35.4679735247 0.704533325998 0.676521521016 3.12002430549 0.204927922492 -15.7768362576 36.766144576 56.556 1
0.812279352712 0.669264709773 3.11866682866 4.54228627833 -4.57299447401 39.8905751076 0.827432583307 0.673217375969 3.1161147533 -0.359340436496 -6.17258456228 40.431296797 56.772 1
0.921121331579 0.674741673234 3.11369175798 2.21504821188 -2.5293721466 42.0398027835 0.96293395564 0.67315588198 3.11170195281 -0.100646862916 -3.15003035793 42.7644661913 56.988 1
1.05155533721 0.669449550413 3.11053678068 2.09776938489 -1.97603704685 43.7810359127 1.04307134599 0.673896222065 3.10781097335 0.0744688964313 -2.8308278678 43.7010569095 57.132 1
1.14821916422 0.677088687189 3.10326188201 1.84399206841 -1.76015667827 44.4480037543 1.16378618699 0.674335136871 3.09836006447 0.0994119692778 -2.37458192706 44.6263569837 57.384 1
1.2384004808 0.66980762898 3.09352232489 1.45657791533 -1.4252197051 44.9742421711 1.23705091616 0.673962256436 3.0928893808 0.0213765365337 -1.94934487222 44.9623669992 57.564 1
1.3032453047 0.674999843659 3.09036288492 1.30222229634 -1.29713653734 45.0908658029 1.31228111188 0.673405191506 3.08508809577 0.084192611316 -1.71955058798 45.1769696345 57.78 1
1.35690626314 0.670762121944 3.08386780063 0.99838248518 -1.0627224491 45.2401588002 1.36607441822 0.672713492564 3.07972130169 0.0504569958896 -1.34969156901 45.2585149119 57.96 1
1.41815852308 0.668597114909 3.07958312477 0.635656556946 -0.845413206174 45.3062767125 1.42089927579 0.671801862581 3.07358745856 0.0266209327923 -1.05642050597 45.3016723151 58.176 1
1.4621206943 0.672791585686 3.07634442611 0.526525534796 -0.697384892378 45.2638780122 1.46614897271 0.670912665568 3.06966926002 0.0647513185053 -0.852857740803 45.3148118028 58.392 1
