6.26049360118 -4.7235195393 1.43200877002 -0.143459078156 0.243295574881 0.0155349616128
6.22436824028 -4.70455244769 1.17207905705 -0.176652570797 0.238049170773 0.0199244519808
6.07248382598 -4.86541304938 2.34598975801 -0.0248239911521 0.21913639276 -0.000380824847896
6.0587979125 -4.89418573768 2.05127730486 -0.0604837674693 0.216208547193 0.00166489147985
6.24193962516 -4.77818019551 2.22465600431 -0.0403585491415 0.24167321708 0.00205234901794
5.89079369895 -4.97549200328 2.58297999285 0.00561806826207 0.194283169236 -0.00192232595116
5.92467786556 -4.95134341487 2.54763021913 0.000944224630628 0.198538194402 -0.000796272006899
5.89798312356 -4.96010238071 2.70836747587 0.0213357474063 0.195270048566 -0.00369170359666
6.29152911924 -4.71996576605 2.11492743506 -0.0559801300158 0.24855442308 0.00688334063676
6.30224159189 -4.69836710726 2.06606299151 -0.0621080155035 0.250527738931 0.00672939588488
6.10425916532 -4.8375230194 2.3327590361 -0.0274464359623 0.222546300851 0.00415459949421
6.16313056298 -4.80906384159 2.27905416905 -0.0351541469524 0.230199523734 0.00689187418639
6.39494362075 -4.63287502105 2.44763490344 -0.0137735134782 0.264330525078 0.00130163783495
6.00417563469 -4.90061110785 2.51684691122 -0.00424259861527 0.20894908075 -0.000507788117607
6.24383112041 -4.75745197785 1.63423582495 -0.116798603903 0.240110392063 0.0100712948449
6.24541757713 -4.78896614381 1.92273534507 -0.0800565799087 0.239623987426 0.00761998234091
6.22894097453 -4.80095843708 1.95212097598 -0.074529507924 0.237363162789 0.00696482976619
6.08162792203 -4.88724475627 2.51342965527 -0.00258390041512 0.2182554281 -0.00268313828724
6.19439759704 -4.83235376247 2.07554736408 -0.0591673016398 0.232395126113 0.00692514679293
1.81422167205 -5.06232652481 3.25570545589 0.0883364480759 -0.303675065839 0.00758376982918
6.03726919969 -4.87352780441 2.4914184612 -0.00545727095451 0.212963761211 -0.00189989160087
5.93949455733 -4.94950239295 2.40182519321 -0.0168473767804 0.198644080905 -0.00123165056198
6.1443176531 -4.80299320427 2.10855010985 -0.0548918893101 0.227172387375 0.00215423593777
6.30394409506 -4.70674955813 2.09888724613 -0.0574374677224 0.249046138271 0.00489726405922
6.0705032433 -4.83753949756 2.37159478631 -0.0227015748133 0.217128060042 0.0037706238058
6.05249588661 -4.8562586785 2.30430568521 -0.0310125606175 0.214197951568 0.00481034961282
5.96384405321 -4.91209410231 2.44386576267 -0.013479014255 0.20199320817 0.00733994641539
6.09717361163 -4.86342775074 2.3303057146 -0.0260970750067 0.219063942616 0.00554041457432
6.29795929042 -4.72689918506 2.30926463102 -0.0286826345855 0.24718560763 0.00567391853334
6.33716463715 -4.69386822383 1.54801812993 -0.125032961607 0.250448476168 0.0162709555372
6.17517403588 -4.78327099542 1.60892336098 -0.115290136098 0.228611807632 0.0117391974843
5.78248240223 -5.05804512574 3.04688450111 0.0665233048089 0.175615116042 -0.00727457873241
5.9832366199 -4.89349503322 2.19881313194 -0.039945167029 0.203668920499 0.00518046992891
6.32041055629 -4.68478376716 2.54717706572 0.00405336411323 0.251039024389 -0.000583071704037
6.38009391638 -4.65154242849 2.09615440737 -0.054043910142 0.258355869156 0.00670480754556
6.22033950784 -4.72482569205 2.55453901264 0.00426671870396 0.237473868703 0.00169605415131
6.14365114013 -4.81148215994 2.40274957784 -0.0149362325377 0.2249944681 0.00364977695812
6.19168711458 -4.78762341527 2.32499255016 -0.0260032092166 0.231200821568 0.00535380816409
6.2268287197 -4.74762305859 2.29005531387 -0.0306736124565 0.236763859001 0.00490158471502
6.3242263471 -4.69647349458 2.23724329343 -0.0388753863951 0.249942398299 0.00670375840803
6.2759114271 -4.72776239111 2.35576170857 -0.0228204964311 0.243503849364 0.00135937876371
5.86531252049 -4.93443368306 2.12004730203 -0.05359830176 0.187399624798 0.00928127429249
6.23288714362 -4.76130358195 2.26952660365 -0.0350601658487 0.236886616857 0.00677345469426
6.26322812445 -4.73176325435 2.31824412916 -0.0281800032822 0.241664377955 0.00363908029362
5.91372422045 -4.92904899265 2.28613580264 -0.0298164014806 0.194162743078 0.00120997512298
6.05804901357 -4.87852517765 2.29463532682 -0.0282143609779 0.212280634566 0.00374587640535
5.99424308239 -4.93203759619 2.38911071093 -0.0155314346565 0.203308858686 0.00209880031053
6.13682475928 -4.87134122374 2.05609690386 -0.0566126724156 0.221032187505 0.00760372958292
5.87618918869 -4.97328635512 2.62015064222 0.0150442152589 0.18810962702 -0.00264953474007
6.14326509276 -4.8033488596 2.0468498858 -0.0597125925214 0.223689126742 0.00908526450167
6.16220425619 -4.79452064499 2.42464741411 -0.0129845877751 0.226586442908 0.00332532823768
5.89879800735 -4.9363949756 2.19217226429 -0.0423626672917 0.190531376359 0.0054936913197
6.12324195797 -4.78942158802 2.66733066335 0.0169839342743 0.22225617472 0.000989238272326
6.04573987396 -4.82854382979 2.58519354917 0.00587278877161 0.211649363471 0.00422363629365
6.08448624531 -4.82366843115 2.49638485394 -0.00491156762486 0.216278049674 0.00208213334536
6.20007241355 -4.74369160939 2.52902367905 -0.00111906401208 0.232700947522 0.00385727372994
6.09521439022 -4.81394264043 2.37061118889 -0.0193522969678 0.217810101207 0.00244630272098
6.13287008226 -4.79917755462 2.27832803705 -0.0288428240261 0.222759501698 0.00266787520674

