-0.425938023764 -8.60271311972 -3.86892888841 -0.29837408324 -0.00536257529815 0.022301337252
-1.31803388312 -8.52901474651 -3.40285148864 -0.274454281715 -0.0577023380746 -0.0205288945383
-1.34680072611 -8.42686501101 -3.57043294443 -0.288999217774 -0.0597695534267 -0.0214297782271
-1.36464604537 -8.40009834388 -3.59872482038 -0.291749548867 -0.0611954635869 -0.0218804336308
-1.16144420901 -8.44971929409 -3.64238092736 -0.293747502712 -0.0461027350086 -0.0175889950462
1.64788246392 -8.12217045296 -4.92783837597 -0.392130345868 0.116234050729 0.105171603889
1.67403135038 -8.00671683458 -5.08658076288 -0.407213978325 0.117191879446 0.106535192342
1.62739450215 -8.06565362702 -5.03769474929 -0.401153066951 0.114179637755 0.105450913816
1.60927989803 -8.06569162285 -5.02414365008 -0.400123934692 0.112933518784 0.104812534603
1.6475002753 -8.02700893752 -5.05208499364 -0.40405691393 0.115794458594 0.10521416545
1.59810443392 -8.08830967921 -4.98687556583 -0.396920769738 0.112721120815 0.103790146645
1.54094928945 -8.08201836201 -4.91473491972 -0.392149003439 0.108889920907 0.10134422946
1.48753960764 -8.11960402529 -4.87626604551 -0.38768891082 0.105480877251 0.0998265196851
1.49480846657 -8.12372515106 -4.87588990169 -0.387540122892 0.106007705874 0.100018431402
1.6167203949 -8.04174051498 -5.03035934832 -0.401424360002 0.112722911206 0.105088110352
1.61672373006 -8.04450973092 -5.03304675546 -0.401498260454 0.112832258929 0.105015917466
1.61638388691 -8.04384494197 -5.0330518821 -0.401519963822 0.112789906227 0.105022376605
1.63591965994 -8.037052279 -5.05185946272 -0.403120814745 0.114004882809 0.105792488817
1.63902775685 -8.04160060681 -5.04799915904 -0.402740318239 0.114306772695 0.10580248535
1.63932922455 -8.03947264717 -5.05044770607 -0.402950558058 0.114217038488 0.105952060057
1.6385364916 -8.0382857374 -5.05024219395 -0.402990089899 0.114185548315 0.105881018223
1.63848240522 -8.0379722728 -5.05050089619 -0.403015608856 0.114170900529 0.10589180481
1.65187972472 -8.03938939197 -5.05282280615 -0.403252036416 0.115152735283 0.106233296367
1.65187972472 -8.03938939197 -5.05282280615 -0.403252036416 0.115152735283 0.106233296367
1.6572542266 -8.03476923801 -5.05917399906 -0.403839364824 0.115337077407 0.106631135993
1.67371065542 -7.94722906762 -5.09967824798 -0.410205073591 0.115503719601 0.107547129776
1.67412639345 -7.94686633958 -5.10056087171 -0.410268789938 0.115503494586 0.10760139346
1.67297651179 -8.08787373015 -4.91410011791 -0.392331077716 0.115891220076 0.107711732118
1.6738450258 -8.08776233963 -4.91433848541 -0.392360059818 0.115953635646 0.107732602397
1.73777094952 -8.15789904292 -4.86678517507 -0.386813417265 0.120233565342 0.110417565029
1.74029502398 -8.159467625 -4.86384210185 -0.386593639382 0.12042270217 0.110471549172
1.78584979665 -8.19342432379 -4.85067711986 -0.384745441359 0.123653568228 0.112004764053
1.77924519331 -8.21126586715 -4.8289738121 -0.382568928409 0.123356346388 0.111713102164
1.78062299716 -8.21295520976 -4.82742309381 -0.382427109422 0.123492446412 0.111705839178
1.77923961394 -8.1946731511 -4.84238063778 -0.384046866363 0.123074774501 0.111966751969
1.77925973668 -8.19517711592 -4.8419545209 -0.384004818468 0.12309474402 0.111945539505
1.75532220328 -8.1476437975 -4.85276751685 -0.386397700178 0.120933110458 0.111486049895
1.7474081165 -8.14922187108 -4.84588520051 -0.385900322615 0.120611195223 0.110927737429
1.75155312998 -8.18509107641 -4.83650530183 -0.383958198244 0.121530380707 0.11050787175
1.75444677932 -8.13644597769 -4.86310318991 -0.387604260208 0.121022720423 0.111143764113
1.75326276565 -8.13582737327 -4.86383058629 -0.387655227883 0.120917180039 0.111141799393
1.75392477896 -8.12382077777 -4.87236447113 -0.388685570915 0.120813422756 0.11124156166
1.75392477896 -8.12382077777 -4.87236447113 -0.388685570915 0.120813422756 0.11124156166
1.75442976529 -8.12432446232 -4.87307363236 -0.388728281181 0.120889530396 0.111212127465
1.7710485512 -8.14554916137 -4.84708351457 -0.38644493341 0.122331515715 0.111373078117
1.7710485512 -8.14554916137 -4.84708351457 -0.38644493341 0.122331515715 0.111373078117
1.81704108096 -8.19343501792 -4.79308319571 -0.381578919418 0.125963204018 0.112325732372
-1.72923842538 -8.50184346341 -3.10029355433 -0.258337912374 -0.0830498784432 -0.0409384308464
-1.70489328569 -8.52534406992 -3.09271560414 -0.256981321753 -0.0811703661559 -0.0400316204245
-1.70451365423 -8.52702817173 -3.09770580438 -0.257302088972 -0.0809910435052 -0.0400979131265
-1.70459100525 -8.52661082924 -3.09591576642 -0.257164826658 -0.0810662159241 -0.0400318363509
-1.70542423304 -8.5277831835 -3.09499520279 -0.257106953697 -0.0810451232648 -0.0401503049873
-1.70046183277 -8.53389319546 -3.0913497708 -0.256682070691 -0.0806178097084 -0.0400434018832
-1.70319414212 -8.53193184645 -3.08975660116 -0.256610959781 -0.0808819566922 -0.0400717322619
-1.70608155501 -8.53296020468 -3.08502932868 -0.25628960077 -0.081059913758 -0.0402154336077
-1.70372057838 -8.53623975968 -3.08837417094 -0.256388300663 -0.080813220147 -0.0400916570059
-1.70721765173 -8.53285485015 -3.0861183619 -0.256351644233 -0.081135504149 -0.0402024506984
-1.70511905363 -8.53450893012 -3.08585524881 -0.256290045188 -0.0809595692183 -0.0401615876591
-1.70138742841 -8.53726126411 -3.08445132293 -0.25613147171 -0.0806512285458 -0.0401157997302
-1.69992620741 -8.54004693653 -3.08155637434 -0.255842221593 -0.0805360563399 -0.0400628034212
-1.69663880768 -8.54281826956 -3.08039202839 -0.255651544192 -0.080305565105 -0.0399199523877
-1.69538580985 -8.54502247443 -3.07714383201 -0.255407303684 -0.080161172474 -0.039991497635
-1.66673243617 -8.61761069352 -3.05271021189 -0.251831933574 -0.0764562018791 -0.0398778060469
-1.66673243617 -8.61761069352 -3.05271021189 -0.251831933574 -0.0764562018791 -0.0398778060469
-1.66886481352 -8.61808397041 -3.05096230435 -0.251722741203 -0.0765697743399 -0.0399874124202
-1.6911741854 -8.55755098764 -3.06420346316 -0.254159091352 -0.0797285712776 -0.0399223847183
-1.69126058128 -8.55827253562 -3.06279049941 -0.254055144672 -0.0797170788177 -0.0399573112174
-1.67277600464 -8.61678773714 -3.0530141231 -0.251949043592 -0.0767555374609 -0.0402030519178
-1.67277600464 -8.61678773714 -3.0530141231 -0.251949043592 -0.0767555374609 -0.0402030519178
-1.66793737027 -8.62021070764 -3.05677901719 -0.252086867605 -0.0763343415291 -0.040036815569
-1.66793737027 -8.62021070764 -3.05677901719 -0.252086867605 -0.0763343415291 -0.040036815569
-1.66877019557 -8.62001982962 -3.05662598281 -0.252081784946 -0.0763933389525 -0.0400562389526
-1.67565051148 -8.6202645401 -3.05039343974 -0.251694086508 -0.0768344493342 -0.0403414151924
-1.67565051148 -8.6202645401 -3.05039343974 -0.251694086508 -0.0768344493342 -0.0403414151924
-1.68523497261 -8.6229017764 -3.04119523787 -0.250992770222 -0.0774838637696 -0.0405794667802
-1.68523497261 -8.6229017764 -3.04119523787 -0.250992770222 -0.0774838637696 -0.0405794667802
-1.68550456606 -8.62358649851 -3.03985325004 -0.250891123166 -0.0774888467926 -0.040609594098
0.0283065089052 -8.86680806295 -3.91018943897 -0.296404732573 0.0335695899912 0.025985614439
0.0283065089052 -8.86680806295 -3.91018943897 -0.296404732573 0.0335695899912 0.025985614439
0.210809353307 -9.0472943555 -3.46573720071 -0.262624040811 0.0457356644861 0.0276167201362
0.208764706409 -9.04652992945 -3.4641155892 -0.262515502319 0.0455511382423 0.0276086817431
0.208764706409 -9.04652992945 -3.4641155892 -0.262515502319 0.0455511382423 0.0276086817431
0.20922702909 -9.04893818013 -3.51071015104 -0.265244579402 0.0455331894278 0.0285777606935
1.45342760967 -9.92292304619 -3.39534355969 -0.232801438402 0.13355937197 0.0645263737408
-1.67139053498 -6.45916789784 -3.17053772533 -0.328783483169 -0.142112288835 -0.0455752478418
2.04082037488 -9.78544211036 -3.55561335955 -0.244459896993 0.165612674733 0.0878833396538
7.65280682288 -9.40355498968 -4.71343975453 -0.39630810013 0.505287145326 0.276073617878
8.17476420682 -11.4351738073 -0.333156572779 -0.0178085160782 0.60246512844 0.0499436420906
0.681172116988 -8.97483043437 -3.57667778517 -0.280820139965 0.0714545405328 0.0440786559437
1.41769782755 -9.5313358762 -3.4840724896 -0.262111165957 0.126175377229 0.0635152565947
7.97002590465 -9.58097434945 8.52288468625 0.701522776132 0.54841047753 -0.26238535362
0.944871236201 -7.45530792284 -3.08700968571 -0.256381757241 -0.0220264440305 0.195783886761
2.84396475167 -8.52122551072 -6.43863237168 -0.498145686856 0.195997250654 0.148487555602
-2.37843703539 -5.74038037818 -4.38226220496 -0.518447190506 -0.142702739023 -0.127910886721
0.974866297608 -10.2134361111 -2.51810084137 -0.201833508789 0.102301229934 0.0526829223449
-0.905337303076 -8.55937746627 -2.72784401743 -0.291364326176 -0.0180091891945 -0.055434031259
0.10234457396 -6.7671412336 -4.13603416703 -0.467515716098 0.0334187006147 -0.0283821989574
1.26825631078 -8.98568313629 -3.65729460919 -0.336069995723 0.110265173557 0.0635519149272
1.18719932737 -9.20559003285 -3.12502368259 -0.294907001722 0.0937214283857 0.084685155688
2.19069960485 -9.2923563337 -3.65710123276 -0.361554524607 0.193111940834 0.0533854556552
4.7456675891 -9.53592873411 -3.96364520012 -0.409941792954 0.316531861452 0.211088454675
3.65833900271 -9.51758481926 -5.17136825878 -0.497337852057 0.257955902389 0.15888448505
2.9445325833 -8.65021153552 11.8232566616 0.746757176417 0.189832339028 -0.169186661697
2.69114082971 -9.96743763252 -3.18613398775 -0.37506878987 0.20919427216 0.102891130436
3.03632117789 -11.1959393879 -0.144290276565 -0.151675980848 0.249264241076 0.0536568753409
4.40724622777 -5.39679805252 10.945215296 0.852307795064 0.228005863972 -0.270000103959
2.03914225039 -9.30833825072 9.53911253612 0.558664482242 0.165223997196 -0.0768284504606
4.88854492859 -9.60609809013 -3.52198830622 -0.449592899308 0.334826767071 0.189470521993
1.15900411231 -9.33612143382 -3.01667190494 -0.400216308581 0.0997679748827 0.0610531106821
2.63849910023 -9.71667518417 -2.62405478758 -0.374486449122 0.200694813512 0.0993298925206
4.47475028607 -5.56270851781 -4.72153965744 -0.729463942462 0.326581718962 0.189289173334
3.99626955145 -3.56011213434 -6.64477801079 -0.956815584074 0.179210104608 0.261739809265
0.368565182437 -9.06186459492 8.25711312364 0.556621403269 0.0622971886695 -0.00186651541584
8.72509794317 -8.00835003288 -3.93626995156 -0.444662023852 0.568087828404 0.398685414057
7.2228820248 -8.3422196207 -3.13152345973 -0.257666751604 0.4583944815 0.382749971471
9.62594610141 -5.54736139761 -3.56269482607 -0.489428212935 0.62117498727 0.582830693159
8.12851868127 -9.39369114914 1.75081705563 0.171552003014 0.655598214924 0.0850082119981
5.29741047905 -10.4057454905 -0.642640548162 -0.0682983094287 0.409380346097 0.161258110384
-1.69424010133 -8.01781944008 4.83103664607 0.46907880646 -0.0722085192787 0.222561912435
1.13038626988 -9.84541841264 5.78066640239 0.420061845728 0.137499061479 -0.000227416967604
-1.6855151184 -8.11848769795 7.28551114462 0.563801817446 -0.0834398959517 0.0377367611584
4.88545722452 -7.55198731013 -4.19922970168 -0.431786452924 0.269198107334 0.369097470436
5.18139940405 -9.44146219589 -1.32197518583 -0.174399023228 0.416089587378 0.17991941148
7.42956580918 -9.76724024421 1.10571683335 -0.0065978087085 0.607064667129 0.184882844666
0.744451955883 -8.85108079501 5.98371486778 0.446526608844 0.11188505681 -0.00615599690188
0.59385752852 -8.88445796129 5.35072134826 0.400487303104 0.105638501421 0.0146525985814
4.50938265118 -9.49559419648 -0.703767238693 -0.120246619739 0.386339165476 0.171878573261
0.842416514987 -8.18548369028 7.98534923099 0.616161866307 0.120051778475 -0.0509186830735
5.77307359978 -9.09940369574 -0.476345617318 -0.129072979795 0.496036496417 0.186428680312
1.41383911934 -9.29198109645 3.78099455612 0.266644484705 0.184334028079 0.0223709121186
2.30502813619 -7.13318239801 9.01102153312 0.760366932921 0.264841606854 -0.0571656739342
0.786967668892 -8.65690711364 4.96421961208 0.371241813422 0.138255245357 0.00613498685491
-0.235270433424 -8.11929086241 3.5471769601 0.251031563882 0.0431506741394 0.0192178689717
4.31514363348 -8.63047968605 -0.995997517242 -0.167475603339 0.390991282417 0.199621373963
0.0929998230606 -8.17935199206 4.52581089019 0.334307417058 0.0840850687205 0.00257880785526
1.39427966489 -8.39317944314 5.27542431134 0.403469342876 0.202579250991 -0.00827686734931
0.136069982237 -7.84939317902 3.21867689702 0.223350693472 0.0832114606116 0.0292208715085
0.25008723194 -7.87322456838 3.41586076283 0.224732878734 0.100721128848 0.0190164944428
-0.0801805755243 -7.68240195072 4.08866136318 0.287036107828 0.0727404776837 0.00110320530495
-0.091300147092 -7.43733077017 3.26324600409 0.221223683243 0.0708825546084 0.024065993498
0.342165837636 -7.69892106083 3.32542829169 0.22615277893 0.121209978392 0.0247237138512
0.0492803733887 -7.35077295511 3.37737177419 0.23315750671 0.0886738813905 0.0242901992174
-0.261627567171 -7.02763588749 3.10279991319 0.206832174598 0.0582980126526 0.0259969697034
-0.118256839816 -7.04055864059 3.03198848804 0.200736412578 0.0784293355978 0.0333791180393
-0.0613215825723 -7.06395816904 2.63711159026 0.163634788882 0.0868876161272 0.0440066935927
-0.268750212308 -6.71817909827 2.83134602607 0.182099671785 0.0648765158438 0.0387526648679
-0.465192615048 -6.40443309532 3.15319102691 0.213138006471 0.0452659974104 0.0282574868943
-0.583394172568 -6.29485676539 2.51938318529 0.149994830433 0.0300132688314 0.0424701801361
-0.493771023557 -6.10522580837 3.05677139247 0.204549806482 0.0424342093035 0.033193347511
-0.720811366021 -5.86533756085 2.89985005773 0.189506511833 0.0159940291164 0.0345553296892
-0.543528800653 -5.93896276796 2.85658333774 0.186170730749 0.0387229507365 0.0391321648054
-1.30776234243 -5.28520307504 3.1845877554 0.223381272007 -0.053590444987 0.0272439091656
-1.15788955116 -5.31917404391 3.13951028801 0.21554205678 -0.0306432390934 0.0220517678926
-1.3347410704 -5.04133316287 3.10845050227 0.215767762321 -0.054193817888 0.0268794168187
-1.37356667704 -4.93480189051 2.54433857228 0.155215219826 -0.0568044849547 0.040321706017
-1.62633239821 -4.56440666634 2.77396923877 0.179795495355 -0.0931216085302 0.032568313257
-1.54229862591 -4.56135216086 2.59380278326 0.162735756832 -0.0812732195884 0.0424054321832
-1.54207645218 -4.45698018027 2.46743211395 0.149271327988 -0.0776629047142 0.0487977289799
-1.50265571327 -2.05840930336 2.60008584694 -0.0394937511027 -0.251365102587 0.0107714759486
-1.35875638873 -2.22699840759 2.77455546131 -0.01688832297 -0.284586495637 0.00213000812732
-1.37356583325 -2.3792003943 2.82403255964 -0.00428275641508 -0.525003869833 -0.00201516664622
-1.3206588865 -2.39740592969 2.88182229311 0.00727268562183 -0.569472540836 0.000155273232203
-1.35144094294 -2.38496862726 2.80269739023 -0.00160937206021 -0.647331936808 -0.00157957301428
-1.31340408459 -2.48355538457 2.74193007192 -0.0174977952198 -0.675566377652 -0.0144967492804
-1.35291303586 -2.47455721742 2.57743855417 -0.053005096854 -0.70349918928 -0.03464811046
-1.36825023281 -2.41950381925 2.73035528597 -0.0198839105845 -0.746603476259 -0.0153427275765
-1.39209051665 -2.43202470627 2.64853934597 -0.0378624695498 -0.76925505445 -0.0259669231375
-1.38792241659 -2.38871283717 2.67189812223 -0.0302005922235 -0.78930776066 -0.0204330179638
-1.33825500908 -2.44192919217 2.63027100864 -0.0472341147557 -0.786239710641 -0.0381854198221
-1.31007378198 -2.50684987644 2.71987400593 -0.0227251698302 -0.78093060717 -0.0204944342987
-1.32380187264 -2.4672149748 2.63524407079 -0.0405138936095 -0.791377307852 -0.0292545814346
-1.33555226171 -2.40901697164 2.71449352762 -0.0143519404913 -0.80301091884 -0.00848839368541
-1.30214175574 -2.36640355445 2.84416682756 0.0246770501331 -0.804836412131 0.0221079842327
-1.34113067667 -2.41150622422 2.6895518603 -0.020497402234 -0.807195678887 -0.0175540914115
-1.29581286188 -2.41003565459 2.6433478527 -0.0249463129245 -0.80393277526 -0.0158906523301
-1.31949020762 -2.40014900351 2.7444902333 -0.00233155230678 -0.813829782181 -0.00376770110044
-1.36432197018 -2.42297906349 2.45874509946 -0.0650034234063 -0.819551472182 -0.0392021642941
-1.34651373833 -2.34509042233 2.63557576308 -0.0318599444351 -0.832137791978 -0.024131859253
-1.30479509317 -2.44466716647 2.6149251881 -0.0387441956513 -0.820826022324 -0.0312821756759
-1.31703143963 -2.41754102498 2.69618557251 -0.0173033549394 -0.829892801437 -0.0191848139332
-1.27893245473 -2.43159952867 2.65717665054 -0.0253533763968 -0.826612398345 -0.0235315812057
-1.29523625562 -2.41899391509 2.65069831553 -0.018397466667 -0.834971393288 -0.00817978953393
-1.27150335724 -2.492498998 2.66925819723 -0.0222507738405 -0.826782950855 -0.0167584223291
-1.31178211258 -2.53840346757 2.76235181602 -0.0097653428752 -0.832829940942 -0.01273242936
-1.26999547369 -2.38330351939 2.55911478358 -0.065508295972 -0.844588460982 -0.0420759671931
-1.24288235211 -2.53611442395 2.64136053485 -0.041882569408 -0.831240104113 -0.0230179232025
-1.22137917829 -2.55686475004 2.62784519955 -0.0507923663161 -0.830234633092 -0.0342189504627
-1.25557563703 -2.44570230349 2.717294265 -0.0239569429491 -0.84752265704 -0.0115476894449
-1.26384903318 -2.32973561729 2.66252405869 -0.0373962913726 -0.860958045886 -0.0179529085709
-1.69463566164 -2.24665076307 2.51940958688 -0.0894861131846 -0.908458036395 -0.0549429673614
-1.25054589461 -2.4663227526 2.66102347807 -0.0463441291567 -0.851745557566 -0.0064155031559
-1.24921765095 -2.54785201407 2.51185380816 -0.0469751227592 -0.847979949911 0.01108583117
-1.23442157013 -2.54003594573 2.69307872616 -0.00301222282085 -0.849720931576 0.0300135414221
-1.21623412448 -2.54839917619 2.59698035622 -0.0334661803933 -0.850249456056 -0.0403437881717
-1.29447614635 -2.45897589039 2.81241514634 -0.0139673419758 -0.8715421791 -0.0639698821301
-1.30036693481 -2.454069464 2.64287525972 -0.0944105936469 -0.873215505448 -0.122536556853
-1.33994926742 -2.36339756687 2.67623887231 -0.0762944058488 -0.893598022923 -0.0735273621167
-1.24673778104 -2.51468500533 2.61443513244 -0.074555692956 -0.875459235232 -0.0539846156126
-1.26410377128 -2.5035872143 2.47320055096 -0.0795138244227 -0.884075899454 -0.0414230660635
-1.24684133458 -2.45300345845 2.56727804552 -0.0297887491908 -0.892908769284 -0.000451637153285
-1.23205759626 -2.52970751472 2.55164156599 0.0061454747609 -0.894444478082 0.039873789469
-1.21640280345 -2.60194194494 2.44988124772 -0.0163991098923 -0.888980530174 0.0260300160775
-1.2484591787 -2.54231482014 2.44814508294 -0.017408364169 -0.900068192827 0.0255632817502
-1.22330007928 -2.39762969337 2.49190852923 -0.013741452262 -0.912856415994 0.0279495561624
-1.28279825867 -2.50579774935 2.31196558636 0.0317219480018 -0.907858334921 -0.117492931095
-1.25201045211 -2.44432190815 2.4510772874 0.151747783601 -0.914236576259 -0.106770043628
-1.20049087864 -2.72593974305 2.38131077458 0.245766279999 -0.872847759966 -0.0638643124049
-1.08820036943 -2.35718750966 2.56031933088 0.17642331392 -0.861614284679 -0.0321504540813
-0.982562993012 -2.16726152648 2.58080212359 0.117663998976 -0.83413289638 -0.0455770029564
-0.897190374545 -2.11899303184 2.66869504306 0.14293645135 -0.809765472491 -0.0282440149204
-0.833678273364 -2.0598581626 2.65989974316 0.155243751558 -0.799163835075 -0.0233896347151
-0.719129055729 -1.90026641943 2.76168881152 0.192090366914 -0.785089220677 -0.0121943683728
-0.6508156356 -1.87008322929 2.80829479751 0.197011197906 -0.775492430637 -0.0134542337706
-0.58250883982 -1.77248427419 2.82014666386 0.178450897288 -0.773427782836 -0.033042102303
-0.492279075539 -1.76390563832 2.87540439708 0.176737849048 -0.762355317521 -0.0438505971888
-0.427144305951 -1.62120211733 2.86095798825 0.161191959391 -0.768786727473 -0.0599648303513
-0.340041538857 -1.50384688643 2.86995944393 0.146841786514 -0.771316654133 -0.0747969338373
-0.248847526389 -1.49053599216 2.86200236236 0.140466636335 -0.762161028813 -0.0798863008844
-0.150960435202 -1.36178141074 2.83600068806 0.129434855847 -0.763604649761 -0.092718007282
-0.074906505523 -1.27926112844 2.87745958523 0.138507280631 -0.764782087415 -0.0916922695716
0.052796397685 -1.19568299261 2.82751222672 0.12616355996 -0.759745983489 -0.102313687716
0.103534721648 -1.14711355758 2.80265621367 0.12062947111 -0.759732400568 -0.107521599865
0.250288430849 -1.05157912747 2.75912677231 0.117336127457 -0.755587268459 -0.111628651227
0.377613641528 -0.969349192706 2.71496220779 0.11379736413 -0.752343269735 -0.114569560607
0.415239091765 -0.939355733727 2.71450144981 0.117420708732 -0.752354585338 -0.113026042665
0.541224143764 -0.868990167286 2.65588190896 0.110956250057 -0.746547443914 -0.117971721736
0.696211138282 -0.777597216991 2.60624978685 0.109000147121 -0.739620541168 -0.118564281401
0.730319922143 -0.758339311192 2.5951781135 0.109726148568 -0.738118418231 -0.117247769046
0.871842754108 -0.686367049675 2.55843467352 0.110154140797 -0.729006737583 -0.114431339843
0.980424152443 -0.629684259281 2.53262741797 0.112324225416 -0.721770406952 -0.11232658976
1.03198640537 -0.611282337993 2.52145141166 0.114110839949 -0.717055151419 -0.110703161803
1.20557259589 -0.514691572926 2.48745118365 0.116598934895 -0.703480143516 -0.105193949314
1.29728589995 -0.467202106785 2.47873908258 0.117919981531 -0.695414232288 -0.102198099699
1.4115591715 -0.40640964258 2.467403421 0.11842540467 -0.684677651246 -0.099885209895
1.47979297517 -0.372966519555 2.46668557019 0.121354966041 -0.676931626953 -0.0970859309775
1.64710981439 -0.277302281418 2.46121268117 0.122906998851 -0.6597444274 -0.0930048331752
1.75006314182 -0.281389030608 2.4739853358 0.127526905074 -0.639330430887 -0.0917675181896
1.78730634801 -0.204282052572 2.47788571542 0.127234618514 -0.64323559415 -0.0881792151271
1.90992477198 -0.13643010679 2.48444516213 0.128360407518 -0.627630847749 -0.0857751497315
2.0298664664 -0.065283577426 2.49753705518 0.131170232329 -0.611328315389 -0.0831257421998
2.14103476172 0.00381176967692 2.51777280887 0.13617215222 -0.595765684293 -0.0782664331698
2.22989344986 0.0650596721157 2.53124749699 0.139884874103 -0.584016938463 -0.0757120824035
2.30790613991 0.108513730939 2.54075465465 0.140292781724 -0.571171832763 -0.0765940318778
2.38153852769 0.157703687117 2.55156431892 0.140191736177 -0.558228491449 -0.076843116964
2.45892347223 0.21441051704 2.57151744221 0.143061850036 -0.544811406693 -0.0746422085307
2.58443191592 0.300976198192 2.59001957281 0.123567926928 -0.520333445783 -0.0606686056802
2.64390901411 0.34417546282 2.60062400445 0.110047127911 -0.507760949425 -0.0498739336209
2.70704641451 0.384557801589 2.61058624336 0.0959133949218 -0.493535833503 -0.040088577418
2.82713090049 0.479023809041 2.6367397942 0.0795196628765 -0.468755902976 -0.0282569367027
2.9318446093 0.561141971031 2.6536403397 0.0688006895865 -0.441415109763 -0.024239514549
3.00246244531 0.616553664652 2.6569599028 0.0614549826422 -0.420638783512 -0.0256617120184
3.0691989694 0.671644038072 2.67206934888 0.0606142568225 -0.398603587271 -0.024400755998
3.09102244761 0.690799811859 2.67640535607 0.0596939638811 -0.389607964449 -0.0238774325235
3.16130509773 0.751199733078 2.68560826837 0.0546006180333 -0.357982291908 -0.0201344933058
3.20512796835 0.791772035541 2.69299513164 0.0513500492364 -0.33732768915 -0.0171370542464
3.23281414454 0.821847861285 2.69361358729 0.0461738280655 -0.323246832518 -0.0142376122628
3.2950870085 0.886476428753 2.69870267573 0.0393376586852 -0.290230853788 -0.00842217031628
3.30831894159 0.900228884505 2.69702549849 0.0372317481101 -0.282994185926 -0.00811241380185
3.34824400112 0.942119265139 2.70009708908 0.0338516759873 -0.258647370289 -0.00494120793784
3.38780485918 0.989182020913 2.69651873421 0.030234410536 -0.23190153749 -0.00307615410569
3.40567233111 1.00488027348 2.69168721883 0.0282126807624 -0.219592219532 -0.0027678451697
3.37782168067 1.03474687153 2.67977980505 0.00219341256934 -0.027932356126 1.3717718985
3.39339633465 1.05540798467 2.67539319411 0.0013727948394 -0.0253729889365 1.38558402045
3.41528280824 1.0764386483 2.65994936537 0.0122187217436 -0.0221919229153 1.40297014563
3.4120303877 1.10110664261 2.59368011425 0.0229103534705 -0.0129435979386 1.44056363551
3.42556864257 1.11735272761 2.55297209361 0.0258170687614 -0.0108090408565 1.47114923999
3.43899528887 1.13158997063 2.49369521745 0.0196185125715 -0.00760426020906 1.50886368575
3.46652971131 1.14534397512 2.44998804733 0.02171527527 -0.00745600323595 1.53107438645
3.46652971131 1.14534397512 2.44998804733 0.02171527527 -0.00745600323595 1.53107438645
3.49668886421 1.17591653582 2.33371702495 0.0204659573139 -0.00559651428951 1.56848079332
3.49464301352 1.17414357368 2.30023956614 0.0170767606143 -0.00174283913374 1.57492761431
3.51612524824 1.19208827143 2.23965592551 0.0214850245912 -0.00471616759336 1.58436420901
3.53861784052 1.19168080889 2.20892158358 0.0287499871378 -0.0025694657383 1.58846620555
3.54137631308 1.20040834966 2.13488213838 0.0214251328155 -0.000478165790145 1.59482097204
3.55632852013 1.20568029584 2.07790628324 0.021593217733 0.000141099883902 1.59814750879
3.57346413776 1.21327435499 2.01795183806 0.0217363503589 -0.00171698734213 1.60039478787
3.60913278565 1.22035383606 1.94498272264 0.0290774838531 -0.00281693923058 1.60285709949
3.60021129531 1.2215562521 1.90930646348 0.0197588984472 -0.00198525325153 1.60281704281
3.61409600217 1.2262863674 1.85069804623 0.0186867789179 -0.00124341729704 1.60265768993
3.62793716195 1.22179594038 1.80497135714 0.0182408594283 0.00306693725295 1.60314749444
3.63046294478 1.22711511149 1.77332357358 0.012279672073 0.00116988618991 1.60263188379
3.64469752343 1.22842840172 1.73265777095 0.00971078483485 0.000921218075119 1.60225950786
3.65569195602 1.23064908018 1.69189656855 0.00527174233658 -0.000128025304897 1.60152000329
3.67317494688 1.22905183668 1.65963728476 0.00668120159135 0.00194242346601 1.60103323205
3.67639520796 1.23088937879 1.64593254304 0.00535219920462 0.00123011496722 1.60062216755
3.68961192426 1.22961397392 1.62715682834 0.0078519452645 0.000999424019144 1.5998962823
3.69572429326 1.22911183993 1.61131987623 0.00602065949687 0.00135516541194 1.59899703416
3.70105107822 1.23079939438 1.60120439353 0.00431271968682 0.0012306443996 1.59845904012
3.70531924524 1.22980028155 1.59683486537 0.00412985739513 0.00206947012056 1.59803484474
3.71144293701 1.22842010196 1.59202641566 0.00217023810987 0.00210799180198 1.59671735673
3.71911272571 1.2281760587 1.59039062654 0.00304525878512 0.00048089279181 1.59674646871
3.72235461749 1.22702033316 1.59248217687 0.000327069132093 -0.000154263378305 1.59568376164
3.72529271489 1.22437644808 1.59342756789 0.000413914376942 0.00131016205795 1.595077204
3.72981882199 1.22611119536 1.59961182798 -9.68646466076e-05 -0.000431469513509 1.59455345014
3.7308085193 1.22589068366 1.60236932398 -0.000585586841029 -0.000498204923671 1.59411123089
3.73549439855 1.22520417464 1.61042417913 -0.00191303067439 0.000356781562147 1.59374738368
3.73819561709 1.22403339717 1.61676047158 -0.00156792320098 0.00183534528087 1.59306880355
3.73926810435 1.22541552187 1.62382448824 -0.00187316881295 0.00128402348701 1.59223797366
3.73594109655 1.22522943186 1.63202560133 -0.00392270732627 0.000540390980067 1.59162841291
3.73754793791 1.22251574948 1.63691234836 -0.00330002388485 0.0014430402025 1.59135221974
