3.71105930731 -17.3074844979 23.484 0
3.70789732316 -17.2458579555 23.988 0
3.70906999501 -16.6391082827 24.492 0
3.71246106685 -15.9219357622 24.996 0
3.71446311291 -15.1856906708 25.5 0
3.71425060919 -14.4343568611 26.004 0
3.71088711065 -13.6689770267 26.508 0
3.70427136961 -12.8912523262 27.012 0
3.69244799371 -12.1025923012 27.516 0
3.67920723967 -11.3064385576 28.02 0
3.66710526915 -10.5446667712 28.524 0
3.65578112066 -9.99241676235 29.028 0
3.64570751631 -9.63037075024 29.532 0
3.65389990998 -9.14437678942 31.728 2
3.66443243255 -9.06636058147 32.232 2
3.67229247981 -8.84040555063 32.736 2
3.68462185565 -8.61718895289 33.24 2
3.70098856572 -8.39355708298 33.744 2
3.71747995078 -8.16790120262 34.248 2
3.7349595057 -7.94425602546 34.752 2
3.75239119652 -7.71591729663 35.256 2
3.76672143675 -7.48310962797 35.76 2
3.77872994804 -7.25031488423 36.264 2
3.78875097511 -7.01559295657 36.768 2
3.79558204757 -6.77902472733 37.272 2
3.80088462691 -6.54710852954 37.776 2
3.80429969677 -6.31386295674 38.28 2
3.80639445728 -6.07930939855 38.784 2
3.80909554228 -5.84284262214 39.288 2
3.81307796876 -5.60857824207 39.792 2
3.81572572435 -5.37315114598 40.296 2
3.81656716846 -5.1386310519 40.8 2
3.81848426524 -4.90599312604 41.304 2
3.81947649226 -4.67037899436 41.808 2
3.81778001201 -4.4364025109 42.312 2
3.81399310341 -4.20629407746 42.816 2
3.80645969282 -3.97682681158 43.32 2
3.79793807579 -3.75185047847 43.824 2
3.78781954841 -3.52734464312 44.328 2
3.77468321821 -3.30381840402 44.832 2
3.76195507368 -3.08107492894 45.336 2
3.74980440514 -2.85968139396 45.84 2
3.73956852634 -2.64027238934 46.344 2
3.73106563031 -2.41866699306 46.848 2
3.72685701185 -2.1978220578 47.352 2
3.72079901192 -1.97927941827 47.856 2
3.7130408132 -1.75816407484 48.36 2
3.70594808484 -1.53515539379 48.864 2
3.69844348086 -1.32104397178 49.368 2
3.65175221778 -0.967321128455 53.472 3
3.66010324891 -0.89457714716 53.976 3
3.65313774691 -0.532120962338 54.48 3
3.64532317714 -0.0970145621312 54.984 3
3.63933718713 0.399127139506 55.488 3
3.63623020252 0.873794227306 55.992 3
3.63721719965 1.18478198787 56.496 3
3.64131696491 1.32775093578 57.0 3
3.65408527615 1.31130260664 57.504 3
3.66697117825 1.21470947618 58.008 3
3.67063923288 1.09743377964 58.512 3
3.66392494036 0.981341462272 59.016 3
3.64913157339 1.132873611 59.52 3
3.62429308773 1.50599385561 60.024 3
3.59621810487 1.9241109054 60.528 3
3.58224735361 2.36911220703 61.032 3
3.58949909956 2.83366143781 61.536 3
3.61502871855 3.30624552447 62.04 3
3.6548354736 3.77121966032 62.544 3
3.69831661064 4.14340994349 63.048 3
3.71547761084 4.36645888102 63.552 3
3.40904337105 4.46410762681 64.056 3
3.02210357603 4.46233380469 64.56 3
2.57697270974 4.41115908104 65.064 3
2.09935044757 4.33611222799 65.568 3
1.61991513896 4.26914878042 66.072 3
1.15680823655 4.23682106722 66.576 3
0.740694295537 4.25018409893 67.08 3
0.477046856813 4.30218389302 67.584 3
0.34124785676 4.5083253011 68.088 3
0.343295734374 4.95561546239 68.592 3
0.390412048649 5.41566335664 69.096 3
0.458069570551 5.8748177089 69.6 3
0.51757931349 6.3261152371 70.104 3
0.542857047745 6.74298412391 70.608 3
0.518820956954 7.02546541963 71.112 3
0.453920529574 7.17358348843 71.616 3
0.366328969292 7.22091086049 72.12 3
0.28270077735 7.2035807369 72.624 3
0.221948868221 7.15821063749 73.128 3
0.195667529498 7.11410029131 73.632 3
0.205959950306 7.09285887162 74.136 3
0.24327480654 7.10116664214 74.64 3
0.29748427496 7.13666180847 75.144 3
0.355389481375 7.18951912903 75.648 3
0.403152467513 7.2455980109 76.152 3
0.432355723777 7.28898663804 76.656 3
0.43077750817 7.31202460195 77.16 3
0.405144467024 7.3141249464 77.664 3
0.365461431662 7.29858916092 78.168 3
0.329462970028 7.27040120061 78.672 3
0.303267265878 7.23472084831 79.176 3
0.280257015042 7.20008471863 79.68 3
0.274189115348 7.17070274973 80.184 3
0.286210343682 7.15105533807 80.688 3
0.315266697604 7.14255220984 81.192 3
0.354920661009 7.14434388388 81.696 3
0.397382368307 7.15304444591 82.2 3
0.431323728137 7.16223371702 82.704 3
0.449627214432 7.16964798302 83.208 3
0.45124081345 7.17193501441 83.712 3
0.437961024363 7.16794683035 84.216 3
0.439276247452 7.16337267514 291.324 3
0.471257651067 7.14600899989 291.828 3
0.570186808571 7.16402942549 292.368 3
0.605899217842 7.18464677515 292.908 3
0.597670391689 7.19215383374 293.412 3
0.580340036815 7.20725664007 293.916 3
0.526993671661 7.21018832231 294.42 3
0.469810437407 7.19809334255 294.924 3
0.419544594682 7.1751514141 295.428 3
0.38443469946 7.14538893271 295.932 3
0.369297245865 7.11701543659 296.436 3
0.379782322464 7.10256428906 296.94 3
0.410047564925 7.09247461475 297.444 3
0.435772195267 7.07853591261 297.948 3
0.445546616414 7.02624710665 298.452 3
0.437455476051 6.66937827843 298.956 3
0.407283541306 6.2324725558 299.46 3
0.362612315224 5.76846144629 299.964 3
0.316201686676 5.31061674305 300.468 3
0.278158322458 4.86904341379 300.972 3
0.260919826984 4.48980552287 301.476 3
0.268058619382 4.27432756262 301.98 3
0.482566031735 4.17570123354 302.484 3
0.860455066421 4.19337126741 302.988 3
1.27044213186 4.23579895003 303.492 3
1.70047282725 4.29015566552 303.996 3
2.13440690042 4.3328789882 304.5 3
2.55532856166 4.34941547924 305.004 3
2.95799309611 4.32896801778 305.508 3
3.30501836749 4.27984060764 306.012 3
3.5343353546 4.21141814859 306.552 3
3.64000986274 4.14647592946 307.056 3
3.66297072688 4.10375616944 307.56 3
3.64133059128 4.09712398083 308.064 3
3.61724964501 4.1109891018 308.568 3
3.61607706478 3.82360558377 309.072 3
3.63667216702 3.43140551526 309.612 3
3.67451193148 3.02849917646 310.116 3
3.72322148139 2.6058212918 310.62 3
3.77133247102 2.17528364293 311.124 3
3.8016768348 1.74657188661 311.628 3
3.80739743531 1.38298487733 312.132 3
3.79690287257 1.16127953383 312.636 3
3.66344720535 1.14323559337 317.676 3
3.66398584789 1.18376885852 318.18 3
