0.0 0.0 2.02321676672 0.0136003805358 0.178333858157 0.305474606237 0.0716729814836 27.7643811723
0.0 0.0 0.937525464893 0.0286634859121 0.0665445160481 0.181982016378 0.0671957766714 35.0524616522
0.0 0.0 0.0114662046597 0.0350331379808 0.303025195594 0.252784612726 0.291665450741 46.2516531321
0.0 0.0 0.090241184919 0.0400203012151 0.0229200459166 0.0555927323236 0.0434796267934 64.2862713062
0.0 0.0 0.110941642024 0.0171684129976 0.0784290813599 0.089371876213 0.0109527571164 90.6847194933
0.0 0.0 0.138369924811 0.00924834555063 0.0578218287462 0.0121113082895 0.0471233553893 116.907449561
0.0 0.0 0.30844852424 0.012530849295 0.242538492921 0.049877948903 0.0515149230546 135.124722064
0.0 0.0 0.997459175784 0.028448102489 0.0198313137503 0.0253641537824 0.271642574065 146.233010133
0.0 0.0 2.04342245103 0.0786815448495 0.0979369868042 0.113508336212 0.124354897487 153.191098818
-1.0 -1.0 2.05990777662 0.245194784353 0.204725053173 0.528995816869 0.273500971574 38.2885581889
-1.0 -1.0 1.08496044025 0.0852371247232 0.374124653747 0.0999596097351 0.043926584245 45.8913572944
-1.0 -1.0 0.0736148282927 0.149753292785 0.30221192386 0.249519831917 0.192879862703 56.9141298268
-1.0 -1.0 0.95068130853 0.222640434452 0.163535152035 0.33151557535 0.210761170557 71.9991534826
0.0 0.0 1.90180300232 0.00721500905601 0.13533857408 0.122188073585 0.172976211896 27.4661888585
0.0 0.0 0.904753617528 0.049455632344 0.130916690564 0.137225731457 0.275566423503 34.9896999073
0.0 0.0 0.0950713094334 0.0434937898707 0.137431193764 0.0592957245589 0.340463065823 46.2971164675
0.0 0.0 0.0786315037255 0.0550303068971 0.00907021247309 0.0523793260831 0.42152549388 64.5265710664
0.0 0.0 1.83290817109 0.0446456844743 0.14857263986 0.188012343869 0.152235149693 26.9352703437
0.0 0.0 0.808037572856 0.0178438846891 0.133287256953 0.170526632635 0.23146314499 34.277912859
0.0 0.0 0.164011357318 0.040668083099 0.142798583498 0.153813046431 0.414630635956 45.5664770138
0.0 0.0 0.0800840719461 0.0553204665116 0.00815772413089 0.0933178615507 0.326620316029 63.7427132654
0.0 0.0 0.0694685371388 0.00972728178994 0.00583181669565 0.144962022842 0.154051909351 90.0709403968
0.0 0.0 0.0579476373638 0.0232298982842 0.0190778416953 0.116709402288 0.327641830195 116.498846748
0.0 0.0 0.265669754797 0.0126976788804 0.0761601161338 0.110759384148 0.311479779201 134.83293641
0.0 0.0 0.0324191608073 0.0314331843223 0.0127828308546 0.092990362748 0.200998212136 26.880644598
0.0 0.0 0.0172562063072 0.0554251831665 0.0150900341295 0.143507554072 0.330900739521 34.2802571036
0.0 0.0 0.0101530908552 0.0451995149519 0.0111950357661 0.0938109964036 0.298578768634 45.5073981284
0.0 0.0 0.0110140624328 0.0305141247258 0.00645327403774 0.141392270217 0.263367624161 63.608389869
0.0 0.0 0.00894342327174 0.0127578124539 0.0129228782073 0.14332783326 0.179765081686 90.0423247353
0.0 0.0 0.0127368606049 0.00868127217781 0.0133557426454 0.169151441378 0.258736899382 116.415969236
0.0 0.0 0.0143732593094 0.0282476428898 0.0164026823688 0.105810655416 0.27194546266 134.736913742
0.0 0.0 0.00929981356534 0.0582634910038 0.0150604371089 0.214273745299 0.231435724329 145.826804167
0.0 0.0 0.0171556622884 0.0805629852347 0.0191054419793 0.0945266141683 0.260099004261 152.914228726
-1.0 -1.0 0.03763139349 0.0157507093999 0.0165347827448 0.603400050447 0.38919000732 38.1034324483
-1.0 -1.0 0.0278378088611 0.0415598712685 0.00584659971117 0.146154298539 0.172295476738 45.8573926553
-1.0 -1.0 0.018099271158 0.0336562077225 0.00594377188918 0.181727905871 0.235776877704 56.7620508781
-1.0 -1.0 0.0216992734806 0.0257896533787 0.0121307262752 0.082497175633 0.346156060658 71.8307062349
-1.0 -1.0 0.0273072954878 0.0121089002204 0.0103028665691 0.113710249399 0.256035261812 89.9491610208
-1.0 -1.0 0.0365185932865 0.00999923136991 0.0116777518267 0.190734633076 0.300837959899 108.071938002
-1.0 -1.0 0.0358070492541 0.0374211168864 0.0205084390409 0.0748142723931 0.202677329994 122.998110262
-1.0 -1.0 0.0360106126845 0.0710351049574 0.0303793789208 0.219563903978 0.256065477439 134.168021655
-1.0 -1.0 0.0163705751167 0.101733408592 0.023310780683 0.0714574940777 0.371309267988 142.178616397
-2.0 -2.0 0.0376107362142 0.0361758081005 0.0918594653847 0.11163451301 0.403702639735 45.4902893748
-2.0 -2.0 0.0297461897649 0.00979562746588 0.038209165614 0.119364592975 0.32182371563 53.9984770782
-2.0 -2.0 0.0125997242082 0.0083681740844 0.0201520528525 0.15562085251 0.246712175494 64.3438668668
-2.0 -2.0 0.0175352569185 0.00595302531354 0.00987119710343 0.0804221072736 0.314948306607 76.600036213
-2.0 -2.0 0.0212622878374 0.00647612295037 0.133938537512 0.135805195993 0.255942062989 90.3140408558
-2.0 -2.0 0.0783847988664 0.0195449214536 0.0908916094935 0.171823774449 0.349840524244 104.023770276
-2.0 -2.0 0.0831576182802 0.061602782457 0.052491997232 0.223921293986 0.247895615619 116.33676838
-2.0 -2.0 0.0751046245621 0.0976173139772 0.0511369963094 0.150675824749 0.342965419393 126.522996333
0.0 0.0 0.0403402196436 0.0399192759872 0.0171830027714 0.084471422596 0.12971403216 25.5300945045
0.0 0.0 0.0171612513793 0.0605330075302 0.0125812515808 0.158156384299 0.282591803188 32.8550237573
0.0 0.0 0.0115812389111 0.0437694745183 0.0121536425367 0.106802098098 0.248499817483 44.2890119781
0.0 0.0 0.00935733868487 0.0301889531696 0.00690895305217 0.161089761349 0.256039460919 62.5487694472
0.0 0.0 0.00773095911442 0.0132354217871 0.0121929906392 0.166940090951 0.252544179251 88.9369907576
0.0 0.0 0.0123697257416 0.00559893891984 0.0132955163077 0.0784244254214 0.329442315775 115.446046235
