3.64572574319 1.05972327868 2.71782674664 -0.290786536685 -0.17932469655 89.7786816475 3.65 1.1 2.5 0 0 90 3.64421646772 1.05570301995 2.68295627136 -0.22512248854 -0.13227360554 89.7912342335 30.024
3.64766728289 1.06666547801 2.69054484468 -0.167782833717 -0.126120790566 89.8464204998 3.65 1.1 2.5 0 0 90 3.64545400445 1.06719031182 2.64075913921 -0.0714812833159 -0.159350082682 89.8298033529 30.096
3.64892824643 1.08061153646 2.63961687776 0.00854129432041 -0.163875110906 89.8806314531 3.65 1.1 2.5 0 0 90 3.64650733676 1.07436666057 2.61214926708 0.0588523348297 -0.217592296939 89.8458755986 30.24
3.64904792683 1.0902905331 2.60274646445 0.115351982459 -0.247433188791 89.8640018888 3.65 1.1 2.5 0 0 90 3.64775093538 1.08025905782 2.58646652835 0.149645944025 -0.235144226956 89.860639485 30.312
3.64904792683 1.0902905331 2.60274646445 0.115351982459 -0.247433188791 89.8640018888 3.65 1.1 2.5 0 0 90 3.64870167055 1.08349339576 2.57062582974 0.137214730508 -0.22904540599 89.8643557269 30.42
3.64898769291 1.09613240713 2.57432685636 0.127315398376 -0.243067848925 89.8208713812 3.65 1.1 2.5 0 0 90 3.65026853446 1.08744395349 2.54891326655 0.133949524029 -0.245110572968 89.8712210934 30.528
3.65260347967 1.10117815677 2.54106882333 0.202660841965 -0.266707188116 89.8702646651 3.65 1.1 2.5 0 0 90 3.65140995231 1.08956077809 2.53626499624 0.115425595726 -0.255568909275 89.8776969885 30.6
3.65518039952 1.10368313325 2.52768309487 0.181040248441 -0.22810661652 89.8930431855 3.65 1.1 2.5 0 0 90 3.65327132913 1.09209782891 2.52053171898 0.128374127072 -0.221007335433 89.8764763088 30.708
3.65394699352 1.1041682052 2.52618167842 0.0915573374849 -0.218630885862 89.8345737221 3.65 1.1 2.5 0 0 90 3.65524425982 1.09398655742 2.50803249271 0.186380213502 -0.179421699585 89.8699695814 30.816
3.65786914213 1.10648050336 2.50885082122 0.295769256292 -0.162251051692 89.8767081897 3.65 1.1 2.5 0 0 90 3.65723606448 1.09525450904 2.49851530286 0.227093452403 -0.127677837847 89.8692495646 30.924
3.65712621967 1.10849357061 2.50080516298 0.413542389358 -0.127935038511 89.8218518515 3.65 1.1 2.5 0 0 90 3.65915571441 1.09589767167 2.49248771706 0.245678617741 -0.147123876498 89.8694419474 31.032
3.66082028873 1.10804586091 2.49788505128 0.306186239965 -0.142693020287 89.8608680506 3.65 1.1 2.5 0 0 90 3.66102759405 1.09598459681 2.48963544783 0.275750739439 -0.138853493789 89.8686200986 31.14
3.66421054639 1.10675637335 2.4995523622 0.221228259578 -0.136761208246 89.8998849957 3.65 1.1 2.5 0 0 90 3.66284741834 1.09556584604 2.48962474489 0.237597083438 -0.121261082308 89.8628503079 31.248
3.66600923361 1.10861897273 2.49347945863 0.37150402422 -0.117439022995 89.9064889705 3.65 1.1 2.5 0 0 90 3.66401406876 1.09504944497 2.49089805466 0.18009166405 -0.142808692184 89.8574188854 31.32
3.66674895639 1.10651991722 2.50004745213 0.164215334341 -0.147226094 89.8835329257 3.65 1.1 2.5 0 0 90 3.66573117969 1.09408997084 2.49446751523 0.167491519096 -0.185501233594 89.8486554961 31.428
3.66459683717 1.10675825322 2.49852978871 0.296691554126 -0.195965815615 89.7753029303 3.65 1.1 2.5 0 0 90 3.66690102828 1.09336069651 2.49772415302 0.137229611993 -0.140701449419 89.8437453132 31.5
3.67044566829 1.10496383054 2.50619266325 0.246786259233 -0.124447839928 89.8614409133 3.65 1.1 2.5 0 0 90 3.66864524013 1.09220164516 2.5035732664 0.138694680425 -0.115101370529 89.8327270298 31.608
3.67066427557 1.10414684216 2.50851938989 0.366605397578 -0.0850224326274 89.8080779108 3.65 1.1 2.5 0 0 90 3.6708621088 1.0905663308 2.51270722076 0.137047330602 -0.0689107927165 89.8128950292 31.716
3.673453704 1.10227108444 2.52065281066 0.184915455293 -0.0620868325731 89.8349230642 3.65 1.1 2.5 0 0 90 3.67188319277 1.08971244684 2.51766086241 0.140795763585 -0.0698504675798 89.8050464774 31.824
3.67568887565 1.10116517883 2.52626623758 0.258065523008 -0.079724877121 89.8503345892 3.65 1.1 2.5 0 0 90 3.67330561715 1.08839408702 2.52527531679 0.134223969481 -0.0865290122136 89.8053766153 31.932
3.67601092636 1.10069805865 2.52873279552 0.296322323969 -0.0811261012489 89.8372445812 3.65 1.1 2.5 0 0 90 3.67464693095 1.08703004173 2.53289909862 0.086839473359 -0.0550946973237 89.8073429098 32.04
3.67878399965 1.09738295919 2.55007992246 0.0240796873727 0.0399707825234 89.8378939252 3.65 1.1 2.5 0 0 90 3.67661144039 1.08490505012 2.54484732637 0.00473212823923 0.0464437689533 89.8058178248 32.22
3.67731848647 1.09651018786 2.55498818404 0.0601875086469 0.0258712792609 89.7682108606 3.65 1.1 2.5 0 0 90 3.67747291352 1.08385362201 2.55115071304 0.00994137450356 -0.0144909035248 89.7993114337 32.328
3.67640085361 1.09574350146 2.55991471613 0.00219275639243 -0.0201224069204 89.7258121457 3.65 1.1 2.5 0 0 90 3.67817966897 1.08295783742 2.55675590429 0.0250965929356 -0.0575662230575 89.789821873 32.4
3.68179117202 1.09395986588 2.56623602175 0.0135926960206 -0.0470182598753 89.8374799582 3.65 1.1 2.5 0 0 90 3.67863098408 1.08242548135 2.55986953044 -0.0380933897156 -0.0656611273884 89.7871463947 32.508
3.67774403493 1.09350552902 2.56856575631 -0.018222567629 -0.0674872471777 89.7097375817 3.65 1.1 2.5 0 0 90 3.67930884069 1.0817796936 2.56349120771 -0.0281133813147 -0.0431383463461 89.7847118215 32.616
3.67885543474 1.093574938 2.56811393185 0.148948288782 -0.00733083417968 89.7215791267 3.65 1.1 2.5 0 0 90 3.67996005472 1.08130321787 2.56569639026 -0.0201290935312 0.00824428087868 89.7936652584 32.724
3.6796644218 1.09348214932 2.57062186831 0.0930696478473 0.00264231075408 89.7417026329 3.65 1.1 2.5 0 0 90 3.68066976558 1.08086222384 2.5668220295 -0.0067235134699 -0.00329638417826 89.8053847057 32.832
3.6796644218 1.09348214932 2.57062186831 0.0930696478473 0.00264231075408 89.7417026329 3.65 1.1 2.5 0 0 90 3.68095264233 1.08070407136 2.56668746556 -0.0212017903078 -0.0125809183899 89.8058188307 32.94
3.68484455907 1.09277887906 2.5730040497 -0.0130754436212 -0.0405040655844 89.8707577065 3.65 1.1 2.5 0 0 90 3.68120683704 1.08056936429 2.56611480757 -0.0687438827241 -0.0513135187092 89.8091206193 33.012
3.68442399952 1.09272436771 2.57063165023 -0.0279231011534 -0.0262174977415 89.8568098409 3.65 1.1 2.5 0 0 90 3.68160091543 1.08048881998 2.56412382682 -0.103533622817 -0.0331262345723 89.8173485718 33.12
3.68612815417 1.09317329957 2.56511429827 -0.0195275077653 -0.00705333487035 89.8988936144 3.65 1.1 2.5 0 0 90 3.68199166924 1.0805953916 2.56123312366 -0.197836214132 -0.00943943520152 89.8215854835 33.228
3.68551926845 1.09274177483 2.56792806743 -0.169937948936 0.00561477469394 89.8762618523 3.65 1.1 2.5 0 0 90 3.68234265219 1.08100363503 2.55748173143 -0.185770864935 0.0167086270377 89.8195378979 33.3
3.68513324905 1.09275068542 2.56356287049 -0.156166503967 0.00281036480771 89.8501254846 3.65 1.1 2.5 0 0 90 3.68260799051 1.08169370198 2.55294805086 -0.152193923014 0.0121637973587 89.816964301 33.408
3.68460919019 1.09342438897 2.55996728876 -0.102289983922 0.0165003064178 89.826850803 3.65 1.1 2.5 0 0 90 3.68275322915 1.08225910821 2.54953963438 -0.129246575562 0.0292609694485 89.8204328174 33.516
3.68404640858 1.09450076703 2.553788117 -0.0655347174349 0.0583737836506 89.8130711165 3.65 1.1 2.5 0 0 90 3.68290077429 1.08318830002 2.54389744305 -0.128478812408 0.111890720773 89.8267214056 33.624
3.68614957016 1.09584050733 2.54561167757 0.0419845581716 0.129354518376 89.8751691789 3.65 1.1 2.5 0 0 90 3.68286405731 1.08418082782 2.53775657125 -0.160883776522 0.110224367768 89.8323019226 33.732
3.68582899559 1.0970571135 2.53780664014 0.0193980316372 0.113430850936 89.8753092639 3.65 1.1 2.5 0 0 90 3.6826334363 1.08528491475 2.53173648145 -0.198588893153 0.0869688237077 89.8295606685 33.804
3.68597213309 1.09709789827 2.53916022623 -0.148039134789 0.100245949567 89.8816311437 3.65 1.1 2.5 0 0 90 3.68227603155 1.08655765241 2.52553911327 -0.185545012266 0.140034430219 89.8264034199 33.912
3.68372505289 1.09804800003 2.53128519366 -0.117924214973 0.138299161755 89.8274682107 3.65 1.1 2.5 0 0 90 3.68174886836 1.0879585082 2.51932749079 -0.186372466746 0.129472688672 89.8249161263 34.02
3.68136228915 1.10002075066 2.52545015533 -0.156678877692 0.122425286504 89.774214651 3.65 1.1 2.5 0 0 90 3.68131140687 1.08895482082 2.5154112569 -0.192991405275 0.117309935356 89.8230183604 34.128
3.6828103222 1.10123933545 2.51964296977 -0.0944035469676 0.110141515406 89.8265427315 3.65 1.1 2.5 0 0 90 3.68056372819 1.09052795909 2.50972357487 -0.226348410991 0.122462119609 89.8244291762 34.236
3.68227028271 1.10209211026 2.51571417161 -0.11208569456 0.123798581177 89.8248003162 3.65 1.1 2.5 0 0 90 3.68001529941 1.09164326381 2.50606832723 -0.231127865725 0.143358859609 89.8270069782 34.308
3.68276175141 1.10235653645 2.51554819201 -0.196737024925 0.146637781875 89.8465656148 3.65 1.1 2.5 0 0 90 3.67909430018 1.09344339969 2.50079996131 -0.188903785312 0.149963374528 89.8304813501 34.416
3.67762526537 1.10428781016 2.51108857703 -0.2194823443 0.152744253662 89.7362082288 3.65 1.1 2.5 0 0 90 3.67804301435 1.09531076568 2.49584853005 -0.187793095064 0.11853269338 89.8298807136 34.524
3.6794152686 1.10913098918 2.49888555293 -0.121574442484 0.179668481519 89.8525534646 3.65 1.1 2.5 0 0 90 3.67693895328 1.09719315963 2.49156052845 -0.179129459331 0.171707528982 89.8305064527 34.632
3.6794152686 1.10913098918 2.49888555293 -0.121574442484 0.179668481519 89.8525534646 3.65 1.1 2.5 0 0 90 3.67572096902 1.09907869314 2.48780040957 -0.210385281074 0.179646979681 89.8321091097 34.74
3.67808196172 1.1098054532 2.4969435631 -0.208703472089 0.170094226071 89.8504087246 3.65 1.1 2.5 0 0 90 3.67438691686 1.10103520642 2.48424049368 -0.216717098351 0.207026514117 89.8349364261 34.848
3.67492141508 1.11406677317 2.48697106288 -0.0466563507153 0.215569839189 89.8060686056 3.65 1.1 2.5 0 0 90 3.67292254229 1.1030676499 2.48094280493 -0.196303822927 0.247183716649 89.8350245651 34.956
3.67325902499 1.11625677036 2.48398172176 -0.056795378972 0.279075569228 89.8222888765 3.65 1.1 2.5 0 0 90 3.67184932633 1.10443762281 2.47921284693 -0.172626499657 0.29777418346 89.8364455119 35.028
3.67383491044 1.11678787998 2.48477218957 -0.0904390369284 0.30836990412 89.857100844 3.65 1.1 2.5 0 0 90 3.6700206785 1.10647634575 2.47716542661 -0.153154276516 0.286308074998 89.8410238546 35.136
3.6686062628 1.12011356045 2.48125071786 -0.072000750649 0.236519043177 89.8075001743 3.65 1.1 2.5 0 0 90 3.66796580195 1.10845560754 2.47565018569 -0.168921029066 0.235464640677 89.8439171013 35.208
3.66972964409 1.12163975395 2.48027815027 -0.0818733734265 0.259694853102 89.8737149383 3.65 1.1 2.5 0 0 90 3.66580358618 1.11040099385 2.47457934013 -0.214763032001 0.259019417381 89.8421838657 35.316
3.66813369415 1.12283446886 2.48174622221 -0.175347661648 0.272170681702 89.8915310749 3.65 1.1 2.5 0 0 90 3.66430081354 1.11172436133 2.47449893533 -0.224841545616 0.281685892141 89.84082461 35.424
3.66386008473 1.12459121674 2.48150976745 -0.130003879194 0.299182316633 89.8231357235 3.65 1.1 2.5 0 0 90 3.66193512169 1.11377480627 2.47485571893 -0.142560694359 0.295126775983 89.8409137079 35.532
3.66294384583 1.1259764281 2.48083203319 -0.0631618075685 0.299185280911 89.8347273121 3.65 1.1 2.5 0 0 90 3.66027157574 1.11512920667 2.47538668216 -0.0958963897157 0.268603689074 89.8448005307 35.604
3.6620856325 1.12659745985 2.48328370335 -0.0811765711494 0.26545857188 89.8555880674 3.65 1.1 2.5 0 0 90 3.65769947347 1.11703814881 2.47680718107 -0.0902988829813 0.238697338033 89.850066795 35.712
3.6590916325 1.13069411919 2.47820968658 0.135608871724 0.245968890787 89.8700633294 3.65 1.1 2.5 0 0 90 3.65425736014 1.1193509692 2.47929023699 -0.0525605785154 0.222426068035 89.8618365678 35.82
3.65447095493 1.13153050976 2.48734756179 0.0225192163273 0.222623576095 89.8546195297 3.65 1.1 2.5 0 0 90 3.65253746995 1.12040890551 2.48078178725 0.00575382567817 0.219063692132 89.8622257321 35.928
3.65222632742 1.13379991746 2.48756120314 0.0921557415034 0.176609598874 89.8724986581 3.65 1.1 2.5 0 0 90 3.64997820107 1.1217805515 2.48335297777 -0.0186481573831 0.169799251893 89.8662579853 36.036
3.65116200316 1.13360316015 2.49280869207 -0.0202778151348 0.15168747053 89.8882526993 3.65 1.1 2.5 0 0 90 3.64750089412 1.12295212294 2.48598862015 -0.00281902203275 0.0973870974942 89.8696516879 36.144
3.64878812513 1.13433866586 2.49552869472 -0.0105116890119 0.0624026568597 89.8913116628 3.65 1.1 2.5 0 0 90 3.64521153469 1.1239400488 2.4887532366 -0.0492138849488 0.0643901209056 89.864986962 36.216
3.64409086297 1.13731287429 2.49799913425 0.0147911646312 0.109076762977 89.8583487498 3.65 1.1 2.5 0 0 90 3.64192313624 1.12540350303 2.49344703441 -0.0519820957692 0.125204030282 89.8513761475 36.432
3.64204583516 1.13664072806 2.50435571099 -0.0818569138186 0.125891166276 89.8255892937 3.65 1.1 2.5 0 0 90 3.64011141514 1.12624004248 2.49584533968 -0.028105368855 0.118032270339 89.854203571 36.54
3.63855427103 1.13943740866 2.49879224316 0.144761554147 0.111391882509 89.770227371 3.65 1.1 2.5 0 0 90 3.63838130488 1.12698551337 2.49790921537 -0.011449809805 0.119001489986 89.8557572522 36.612
3.63956432765 1.13831220909 2.50882059662 -0.0717310807729 0.114631797202 89.8519573767 3.65 1.1 2.5 0 0 90 3.63725859987 1.12743165625 2.49913912549 -0.00306691643071 0.110548235133 89.8548728039 36.72
3.63658408983 1.14068329485 2.50170937559 0.18417703745 0.101362495193 89.8037661339 3.65 1.1 2.5 0 0 90 3.6356380513 1.12801181256 2.50066421424 -0.0120769495166 0.102004214685 89.8505095639 36.828
3.64168607857 1.13922090327 2.51066286182 -0.0647355365904 0.105745287414 90.0019784578 3.65 1.1 2.5 0 0 90 3.63409370876 1.12852049593 2.50203776089 -0.0115371460029 0.0874285118518 89.8520145131 36.936
3.63159254743 1.141452135 2.50583626841 0.150066662983 0.0648595452716 89.7483468791 3.65 1.1 2.5 0 0 90 3.63264646168 1.12898029888 2.50327109987 -0.000925456474149 0.0464905649783 89.8532865037 37.008
3.63582208702 1.1407732079 2.50822995628 0.101418543053 0.050823546369 89.9075875108 3.65 1.1 2.5 0 0 90 3.63175224359 1.12924322595 2.50386563129 0.0193095752832 0.0291424366892 89.8534459203 37.116
3.63543338969 1.14173261971 2.50676068359 0.219217352347 0.0252328519299 89.9281809956 3.65 1.1 2.5 0 0 90 3.6301978978 1.12964357389 2.50494517514 0.0606029159085 0.00985484949821 89.8510590604 37.26
3.6328297732 1.14212234285 2.50734539681 0.217854458301 -0.00535372645467 89.871751266 3.65 1.1 2.5 0 0 90 3.62954858186 1.1297471164 2.50519400035 0.0552802543194 0.0120251787564 89.850654003 37.332
3.63105890291 1.14062185025 2.51541442194 0.0118347683344 0.0140406235935 89.8593334669 3.65 1.1 2.5 0 0 90 3.62869367737 1.12979732233 2.50530214077 0.113111332059 0.0116536850151 89.8507142567 37.44
3.63304672044 1.14156057693 2.5125209226 0.162910749079 0.0500697125665 89.9421309919 3.65 1.1 2.5 0 0 90 3.62819685879 1.1297299758 2.50537339931 0.132432162941 0.048501854094 89.8528172249 37.512
3.62579643905 1.14202445847 2.51378040921 0.149010234333 0.0223566462756 89.7540235728 3.65 1.1 2.5 0 0 90 3.62749216237 1.12944251023 2.50589020622 0.137346207284 0.0259834384996 89.8588663449 37.62
3.62497633133 1.14121129742 2.51512553296 0.113681914525 0.00619278384187 89.7497543408 3.65 1.1 2.5 0 0 90 3.62685014608 1.12895334687 2.50644959331 0.126860874129 -0.0191573074001 89.863942403 37.728
3.63119963435 1.13952290619 2.51283438253 0.186786870254 -0.0157343742669 89.9667318499 3.65 1.1 2.5 0 0 90 3.62632495394 1.12831289735 2.50691780591 0.116306565667 -0.0374317045001 89.8717854237 37.836
3.62884586412 1.14040698679 2.50873669773 0.34726647192 -0.0465203140124 89.9100852558 3.65 1.1 2.5 0 0 90 3.62605081086 1.12782474105 2.50731670739 0.150823546845 -0.0489606181103 89.8749386472 37.908
3.62938186628 1.13986918452 2.51283597302 0.264848055222 -0.0643283152127 89.9336392269 3.65 1.1 2.5 0 0 90 3.62577380475 1.12697594955 2.50765586222 0.156439485331 -0.051415085914 89.8790624547 38.016
3.62706845475 1.13951811648 2.51088829651 0.322542969451 -0.0465012452771 89.8750797741 3.65 1.1 2.5 0 0 90 3.6256436305 1.12597289994 2.50797392896 0.185826981239 -0.0434351860866 89.8830634059 38.124
3.62553977344 1.13967319122 2.50782762816 0.446851972013 -0.0415698786687 89.8334224043 3.65 1.1 2.5 0 0 90 3.62561554597 1.12480994276 2.50863167789 0.197565898653 -0.0349995280419 89.8887818526 38.232
3.62388868341 1.13579858908 2.51787292524 0.181467899498 -0.0693845280848 89.7987213379 3.65 1.1 2.5 0 0 90 3.62566828556 1.12348443396 2.50932580421 0.231694936316 -0.0247458426685 89.8930800471 38.304
3.62696443983 1.13489853301 2.51450567738 0.320945495261 -0.0280472479111 89.8921082134 3.65 1.1 2.5 0 0 90 3.62573491487 1.1225048499 2.50985380678 0.252810058321 -0.044636093166 89.899012898 38.412
3.62574308434 1.13443478372 2.5135930252 0.399513148857 -0.0743537279876 89.8622848292 3.65 1.1 2.5 0 0 90 3.62587775048 1.12085462933 2.51089892569 0.230596755971 -0.0797115397035 89.9079684792 38.52
3.62683622647 1.13182994186 2.51944436438 0.234024756134 -0.0766324138378 89.8934551684 3.65 1.1 2.5 0 0 90 3.62612523265 1.11904405476 2.51221456838 0.185060465207 -0.126630604904 89.9107926151 38.628
3.62504003849 1.13065413281 2.52054743413 0.192241651234 -0.116263451492 89.8364438735 3.65 1.1 2.5 0 0 90 3.62653315696 1.11715575629 2.51350522774 0.146519241732 -0.188697230745 89.9115853371 38.736
3.62893480467 1.12804738407 2.52048000686 0.208415330884 -0.211350275549 89.9314669913 3.65 1.1 2.5 0 0 90 3.62719892525 1.1153062689 2.51469252117 0.152038568457 -0.212222279723 89.9141235116 38.808
3.63069639533 1.12603222797 2.52086369329 0.240096080327 -0.212440076963 89.9609151182 3.65 1.1 2.5 0 0 90 3.62779822043 1.11409459747 2.515659865 0.147458537059 -0.230549193109 89.9137127562 38.916
3.63069639533 1.12603222797 2.52086369329 0.240096080327 -0.212440076963 89.9609151182 3.65 1.1 2.5 0 0 90 3.62891662234 1.11230270753 2.51713427066 0.128591657521 -0.218693521298 89.9105463216 39.024
3.6301465214 1.1249501946 2.5213009536 0.239197150616 -0.22092443406 89.9189604516 3.65 1.1 2.5 0 0 90 3.62978597563 1.11114319888 2.51822841487 0.137113500188 -0.237160651916 89.907012733 39.096
3.63186105481 1.12209469257 2.52476409863 0.245905695054 -0.245490723049 89.8844650065 3.65 1.1 2.5 0 0 90 3.631267139 1.10943679291 2.51984791348 0.142833346518 -0.256709929989 89.9041405807 39.204
3.63552215822 1.12050329509 2.52590820129 0.206594582594 -0.251261307887 89.9597542894 3.65 1.1 2.5 0 0 90 3.63296925524 1.10776740779 2.52132351315 0.156369492381 -0.231372781264 89.9037939567 39.312
3.63508755112 1.11934019777 2.52859809215 0.204261689771 -0.220609146759 89.8868899741 3.65 1.1 2.5 0 0 90 3.63548546295 1.10557120475 2.52310749639 0.0861221170968 -0.221867390663 89.9035642829 39.42
3.63786094732 1.11737788235 2.53132556269 0.0943025249724 -0.209004487206 89.9328445325 3.65 1.1 2.5 0 0 90 3.6368095687 1.10451323505 2.52385441189 0.0396408894827 -0.189975220094 89.9035058725 39.528
3.63892852318 1.11554528237 2.53133972784 0.0711613255369 -0.12462362377 89.8834746397 3.65 1.1 2.5 0 0 90 3.63882104796 1.10307674053 2.52494694157 0.0315200902262 -0.125503156569 89.9016549488 39.636
3.63955820514 1.11613213589 2.52701956809 0.226458279458 -0.11842739786 89.8752032335 3.65 1.1 2.5 0 0 90 3.64074664056 1.10183407527 2.52619419697 0.103431581664 -0.0884590856411 89.9016557401 39.708
3.64048164823 1.11351714888 2.53658427269 0.0599224221323 -0.106322642435 89.8395281081 3.65 1.1 2.5 0 0 90 3.64195549315 1.10104237489 2.52687455082 0.102570121694 -0.0669561857561 89.8994259931 39.816
3.64159028085 1.11428607548 2.52840754143 0.326258994856 -0.068287586763 89.8351330683 3.65 1.1 2.5 0 0 90 3.64362324203 1.09985993155 2.52780300432 0.115075953817 -0.0684161170024 89.8996110762 39.924
3.64606846453 1.11043173517 2.53577673299 0.171073763632 -0.0393312889215 89.8919934528 3.65 1.1 2.5 0 0 90 3.64513857891 1.09865979741 2.52874263007 0.122268171528 -0.0346306885488 89.9036954958 40.032
3.64396101122 1.11074552115 2.53307589856 0.243431338639 -0.0498374407947 89.8122531721 3.65 1.1 2.5 0 0 90 3.64648372747 1.09743730232 2.52949766064 0.0749165037582 -0.059833881809 89.9080624872 40.104
3.64798600812 1.10989511085 2.53211535104 0.262084841536 -0.0723958296294 89.9039559069 3.65 1.1 2.5 0 0 90 3.64769322322 1.09626674594 2.52987984224 0.0623901342209 -0.0379686967056 89.9191548121 40.212
3.64946938634 1.10810215336 2.53363029152 0.199601141355 -0.0526641135426 89.9328930792 3.65 1.1 2.5 0 0 90 3.64843564291 1.09551768238 2.53016329299 0.0293426821779 -0.00585184680111 89.9276712274 40.32
3.64864280783 1.10610827228 2.53924010692 0.0402169170628 -0.0180706620954 89.8847113747 3.65 1.1 2.5 0 0 90 3.64941349944 1.09450245411 2.53046458154 0.0610187906487 -0.022661555534 89.9442206178 40.428
3.65248769719 1.10541084164 2.5398012956 0.0476208944786 -0.0194419955582 89.9802149693 3.65 1.1 2.5 0 0 90 3.65026034304 1.09355736187 2.53059927204 0.0689734000379 -0.0286987652626 89.9538392057 40.536
3.65551707594 1.10456865036 2.54188961399 -0.0199513930981 -0.00538865939055 90.0589415868 3.65 1.1 2.5 0 0 90 3.65102230508 1.09264505843 2.53096743206 0.0472125268688 -0.0200279197709 89.9566919354 40.608
3.65030285951 1.10467527535 2.53935446109 0.0516447973221 -0.0337066517752 89.8897132568 3.65 1.1 2.5 0 0 90 3.65148239722 1.09207440559 2.53131527974 0.0514457024488 0.0171982805347 89.9542321237 40.716
3.64956754487 1.10429993695 2.53428586245 0.231888630704 0.0191155011545 89.8503918076 3.65 1.1 2.5 0 0 90 3.65206025489 1.09125913805 2.53160209396 0.0328925218688 0.0588561779595 89.9517690614 40.824
3.65266494456 1.10297211678 2.53610531849 0.112336062055 0.0618597929418 89.9189734127 3.65 1.1 2.5 0 0 90 3.65252912425 1.09026145291 2.53111547209 -0.103390201323 0.0972589122319 89.9485065726 40.968
3.65021463766 1.10327192376 2.53350033176 0.0640839273192 0.0795842022098 89.8362253032 3.65 1.1 2.5 0 0 90 3.65261579427 1.08991893776 2.53068863106 -0.123787220192 0.0792881489627 89.9490615518 41.04
3.65193481757 1.10212736977 2.53850725741 -0.1172408603 0.0436998981778 89.8859652064 3.65 1.1 2.5 0 0 90 3.65259919434 1.08966720718 2.5298655173 -0.109402911721 0.0432124930332 89.9475832304 41.112
3.65360297892 1.10208869622 2.53775058458 -0.0941278601143 0.0395952202994 89.9326272872 3.65 1.1 2.5 0 0 90 3.65249816143 1.08967307533 2.52935724329 -0.089857055461 0.0860804172811 89.949481743 41.22
3.65258070266 1.10233990886 2.53443808451 0.0108898898199 0.0822895396003 89.9109442581 3.65 1.1 2.5 0 0 90 3.65236823111 1.08977137542 2.52927583484 -0.0830922603102 0.110597909126 89.9545853948 41.328
3.65329269368 1.10180313812 2.5352991693 -0.0173302170024 0.104211834861 89.9461254481 3.65 1.1 2.5 0 0 90 3.65216388995 1.08993199359 2.52916147752 -0.0835474326269 0.104064415661 89.9609811075 41.4
3.65228103192 1.10222709601 2.5351850417 0.0135320290253 0.104581152238 89.9391906042 3.65 1.1 2.5 0 0 90 3.65118210898 1.09064092782 2.52865094808 -0.0522696688979 0.126950005451 89.9630956403 41.616
3.65208698645 1.10264025564 2.5346489692 -0.0114076957281 0.160000033346 89.952060512 3.65 1.1 2.5 0 0 90 3.65050651029 1.09104266112 2.52814815898 -0.101093417354 0.181003479093 89.9667852789 41.724
3.65082447732 1.10316625476 2.53480964495 -0.0327720612001 0.196524927425 89.9457128977 3.65 1.1 2.5 0 0 90 3.64962200811 1.09155570425 2.52743691901 -0.0595863196722 0.194141310913 89.9659134892 41.832
3.65149190792 1.10325261009 2.53445783505 -0.0359725221954 0.184438841799 89.9916979396 3.65 1.1 2.5 0 0 90 3.64852965907 1.09211087083 2.52661923173 -0.0352275278906 0.175260141973 89.9665060009 41.94
3.65043831839 1.10355027253 2.53442707737 -0.0162098805564 0.182840329336 89.9846970902 3.65 1.1 2.5 0 0 90 3.64771613181 1.09248423057 2.52596902814 -0.00518680292441 0.180477869548 89.9634679009 42.012
3.64644994833 1.10479198192 2.53251146272 0.0622135680919 0.161041472689 89.9001291135 3.65 1.1 2.5 0 0 90 3.64639423894 1.09298391163 2.52480322802 0.0510754243202 0.17108613273 89.9622412641 42.12
3.64510405303 1.10528844022 2.53044318539 0.10268664137 0.207498085066 89.9356835591 3.65 1.1 2.5 0 0 90 3.64341590013 1.09351930063 2.52221496044 0.0971664979361 0.19812964556 89.9675513137 42.336
3.647020499 1.1052208866 2.52903819388 0.143671675095 0.208384255307 90.0278561276 3.65 1.1 2.5 0 0 90 3.64173589715 1.09351033294 2.52055810636 0.0612217402373 0.186155090086 89.9735247002 42.408
3.6425833242 1.10504403894 2.52740582126 0.0808975344891 0.195901364077 89.979017421 3.65 1.1 2.5 0 0 90 3.64058442973 1.09342498701 2.51927192082 0.0464558808312 0.209537619645 89.9785373872 42.516
3.64245516001 1.10508698903 2.52432576935 0.109879965296 0.234579573358 90.0029597465 3.65 1.1 2.5 0 0 90 3.63878791443 1.09324206811 2.51728880628 0.0135599316918 0.265521760526 89.9818595691 42.624
3.64091325752 1.10499664402 2.52280890884 0.100481458416 0.274534420892 89.9960970049 3.65 1.1 2.5 0 0 90 3.6368273257 1.09307088468 2.51543881849 0.0682601293346 0.242632659248 89.9870941597 42.732
3.63813651501 1.10459718508 2.52138630244 0.140712293513 0.221406666084 90.0041527785 3.65 1.1 2.5 0 0 90 3.63472351182 1.09283231156 2.51359620604 0.104094634025 0.240573588627 89.9888434534 42.804
3.63812973585 1.10476461131 2.51864534453 0.206258462039 0.244326612404 90.0412853196 3.65 1.1 2.5 0 0 90 3.63327907482 1.09259428281 2.51230026213 0.0876662496871 0.260121405602 89.9854577538 42.912
3.63352374062 1.10443527585 2.51744002721 0.174738717687 0.245331313281 89.983250872 3.65 1.1 2.5 0 0 90 3.63101921654 1.09214861319 2.51053328877 0.134597707139 0.217442281302 89.9813200805 43.02
3.63384616459 1.10379149769 2.51952842755 0.119103818841 0.218444504123 90.0218752913 3.65 1.1 2.5 0 0 90 3.62870862911 1.09155397739 2.50918500444 0.127292068374 0.196024715279 89.9788202435 43.128
3.63305212051 1.10298087468 2.51603088866 0.159301822201 0.178249999526 90.0787398184 3.65 1.1 2.5 0 0 90 3.62640276933 1.09081260391 2.50810864883 0.150077456998 0.125397625556 89.9812480172 43.236
3.62614380343 1.10174587704 2.51675175065 0.136013449689 0.122357020119 89.9774529363 3.65 1.1 2.5 0 0 90 3.62493616248 1.09024483014 2.50751755698 0.160416755129 0.117529027695 89.9856695745 43.308
3.62614380343 1.10174587704 2.51675175065 0.136013449689 0.122357020119 89.9774529363 3.65 1.1 2.5 0 0 90 3.62285961448 1.08927565154 2.50679206556 0.201882553202 0.112974335059 89.9933590016 43.416
3.62416265847 1.10084432693 2.51176241885 0.326550251716 0.0977776625845 90.0134092473 3.65 1.1 2.5 0 0 90 3.62089677004 1.08812739789 2.50622877968 0.267357530599 0.0997922613376 89.9971149378 43.524
3.62177213296 1.09952417626 2.51462274413 0.267075436515 0.0973463175043 89.9826427171 3.65 1.1 2.5 0 0 90 3.61907997615 1.08670181177 2.50588893968 0.266983530387 0.106877624152 89.9979270022 43.632
3.62080889483 1.09883003101 2.51409193805 0.289100370367 0.0985622800754 89.9872144111 3.65 1.1 2.5 0 0 90 3.61737414954 1.0850150942 2.5056692264 0.215136013021 0.0397838131716 90.0003189183 43.704
3.61489868385 1.09717331114 2.51087915979 0.293699792825 0.0242841085146 89.8987232385 3.65 1.1 2.5 0 0 90 3.61585122807 1.08320172753 2.50532060207 0.173343187053 0.059431445676 90.0080302565 43.848
3.61828982332 1.09450403464 2.5139864314 0.165149581685 0.0806001056038 90.0405243015 3.65 1.1 2.5 0 0 90 3.61493650694 1.08198203442 2.50512730529 0.185724264292 0.0753566688127 90.0121129334 43.92
3.61172972537 1.09347936013 2.51077197864 0.267375783244 0.0886627341365 89.8954295826 3.65 1.1 2.5 0 0 90 3.61364439284 1.0801261323 2.50517495264 0.168748997029 0.121874874187 90.0102234291 44.028
3.61292779631 1.09134214888 2.5123592229 0.196801214092 0.114772988803 89.9574383068 3.65 1.1 2.5 0 0 90 3.61236740761 1.07825674705 2.50548613652 0.133243610146 0.117513044374 90.0099442885 44.1
3.61204288902 1.09081467176 2.51125351233 0.216527067756 0.123470243444 89.9484793516 3.65 1.1 2.5 0 0 90 3.61109186552 1.0764373698 2.50600866908 0.0659639096092 0.0810383150707 90.0026649235 44.208
3.6099512182 1.08744420766 2.51553285665 0.0329704366872 0.0564248520433 89.9345502849 3.65 1.1 2.5 0 0 90 3.60986150368 1.07477756047 2.50643955206 0.0793711410294 0.0227909262589 90.0023834485 44.316
3.61121404772 1.08680491552 2.51261759733 0.140546718195 0.00339851566089 90.0062906588 3.65 1.1 2.5 0 0 90 3.60910874677 1.0737504984 2.50680444597 0.064377300242 -0.0148375264025 90.0023568904 44.424
3.61469898938 1.08456667181 2.51660022863 0.0252029117695 -0.00782778387652 90.1227804061 3.65 1.1 2.5 0 0 90 3.60815263422 1.07232457995 2.5076826944 0.0961010577695 -0.0385100726 90.0029835418 44.532
3.61041928693 1.08395213116 2.51643110999 0.0923325733942 -0.0547361365073 90.0301221754 3.65 1.1 2.5 0 0 90 3.60741746124 1.07097097606 2.50826759777 0.066176455451 -0.0727798248265 90.0063064566 44.64
3.60495905241 1.08341134896 2.51461946878 0.12595796288 -0.0932294518319 89.8979315543 3.65 1.1 2.5 0 0 90 3.60706642068 1.07011366204 2.50849231557 0.0382827397314 -0.0923857935195 90.0080665297 44.712
3.60663437786 1.08197089224 2.51524061071 0.0794279137564 -0.0909626850904 89.959203713 3.65 1.1 2.5 0 0 90 3.60674893111 1.06894093201 2.50883659052 0.00546726260997 -0.0700741351487 90.0138197463 44.82
3.60789287645 1.07953162682 2.52023264072 -0.103509578036 -0.0791946030789 90.0086328266 3.65 1.1 2.5 0 0 90 3.60661603185 1.06794461042 2.50898154634 -0.0253757386725 -0.0762432332963 90.0145959198 44.928
3.60860626966 1.07917185073 2.51820467598 -0.0497790945813 -0.0780045244169 90.0323908291 3.65 1.1 2.5 0 0 90 3.60664827606 1.06715495407 2.508910598 -0.0412503272433 -0.0505072377682 90.0205891257 45.036
3.60883144451 1.07791685375 2.51916948147 -0.0962670036119 -0.0477730226254 90.0428193043 3.65 1.1 2.5 0 0 90 3.60677644569 1.06656965819 2.50875131441 -0.0140729379707 -0.0909784272047 90.0254390435 45.108
3.60998219615 1.07809473995 2.51524287029 0.0328994681725 -0.103618128783 90.0776014193 3.65 1.1 2.5 0 0 90 3.60701334213 1.06612340226 2.50845230216 0.00597027444112 -0.109218532555 90.028746108 45.216
3.608341035 1.07873435789 2.50972255134 0.225287876759 -0.0906169946002 90.0214877287 3.65 1.1 2.5 0 0 90 3.60726251071 1.06587736932 2.50825959708 0.033972090272 -0.117475648595 90.02564594 45.324
3.60613933521 1.07786795307 2.51450624085 0.0971886541116 -0.125589474631 89.9553789761 3.65 1.1 2.5 0 0 90 3.60776319283 1.06551598107 2.50800829361 -0.00722616102381 -0.0915978452739 90.0221903129 45.432
3.60889423396 1.07715005494 2.51304873832 0.0247014601089 -0.0852154825753 89.9964852278 3.65 1.1 2.5 0 0 90 3.60837116156 1.0652155403 2.50751235346 -0.0631379041606 -0.115280131057 90.0206259607 45.54
3.61041416452 1.07678612597 2.5154663579 -0.0508401320498 -0.0993263370718 90.0303551748 3.65 1.1 2.5 0 0 90 3.60882168147 1.06510240427 2.50715125852 -0.100582460979 -0.131940483042 90.020282669 45.612
3.61094964701 1.07748213223 2.51263745432 -0.00897481183891 -0.134450915238 90.0373507886 3.65 1.1 2.5 0 0 90 3.60960618726 1.06509921455 2.50662660114 -0.118326544072 -0.135309447829 90.022092731 45.72
3.61027172383 1.07752978153 2.50945167103 0.039630005894 -0.143396775939 89.9880305668 3.65 1.1 2.5 0 0 90 3.61051907155 1.06531612029 2.50604041985 -0.13831478644 -0.145853762779 90.0243207061 45.828
3.61224706523 1.07762849974 2.51170736216 -0.0265676739269 -0.171781441611 90.0086451874 3.65 1.1 2.5 0 0 90 3.61154020944 1.06573204701 2.50573161791 -0.0768914452674 -0.189539491601 90.025549979 45.936
3.61331009874 1.07811163862 2.51267124413 -0.0288599828059 -0.206542603034 90.0150176487 3.65 1.1 2.5 0 0 90 3.61271708901 1.06624970533 2.50523551102 -0.063507526347 -0.235432298804 90.0271612962 46.008
3.61394494892 1.07789079438 2.51442747099 -0.086107209966 -0.242985895752 90.0225837209 3.65 1.1 2.5 0 0 90 3.61361102307 1.06661283156 2.50482305766 -0.0656342657539 -0.257126553354 90.0289648189 46.116
3.61567218693 1.07935232328 2.51060719761 -0.0214986130406 -0.246852491149 90.0109104284 3.65 1.1 2.5 0 0 90 3.61572411173 1.06738638481 2.50401519303 -0.0824427323221 -0.229935818238 90.0288759046 46.224
3.6176168809 1.07960031943 2.51102282241 -0.0465749899604 -0.237201111162 90.0194025722 3.65 1.1 2.5 0 0 90 3.61690483679 1.06781200674 2.50378113641 -0.0701129897447 -0.234332689251 90.0260280926 46.332
3.61980421126 1.08006353587 2.51011736859 0.0172198452024 -0.23071601656 90.0273105962 3.65 1.1 2.5 0 0 90 3.61878631532 1.06847472112 2.50372586626 -0.0517871757228 -0.235951280827 90.0219743589 46.44
3.61952995941 1.08132553279 2.50874408293 0.0491400131069 -0.253234677638 89.9806084173 3.65 1.1 2.5 0 0 90 3.62078704516 1.0691145472 2.5036885806 -0.0646705553655 -0.284075480376 90.0213895224 46.548
3.62388393605 1.080980051 2.51077709851 -0.0492535145467 -0.304484813788 90.0339214601 3.65 1.1 2.5 0 0 90 3.62295542683 1.06975695633 2.50352266614 -0.103673250627 -0.318194310346 90.0223458735 46.656
3.62240083767 1.08212003221 2.50849055936 -0.0121380824301 -0.333980431914 89.9543170611 3.65 1.1 2.5 0 0 90 3.62451762646 1.07021674336 2.5034371166 -0.129166143531 -0.320530586164 90.0218776079 46.728
3.62657055777 1.08282612905 2.50877025987 0.00304445090721 -0.337172671682 89.993852009 3.65 1.1 2.5 0 0 90 3.62702669494 1.0710124455 2.50338279916 -0.0598536977631 -0.345328367011 90.0229183018 46.836
3.62912214147 1.08309272125 2.51015019378 -0.008936924815 -0.348263803981 90.0327645158 3.65 1.1 2.5 0 0 90 3.62881088312 1.07155250891 2.50304564979 -0.0745860574815 -0.321684386299 90.0257199607 46.908
3.63214718505 1.08419383008 2.50721213787 -0.00321426508289 -0.303114362308 90.0413828287 3.65 1.1 2.5 0 0 90 3.63161586501 1.07235623645 2.50221477886 -0.138302497981 -0.28012437879 90.0293225513 47.016
3.6355178314 1.08460432148 2.5075296305 -0.0501417956391 -0.254031759201 90.0649768764 3.65 1.1 2.5 0 0 90 3.63448593037 1.07326186814 2.50136672602 -0.144451377596 -0.242188355473 90.0331466748 47.124
3.64044904985 1.08550687642 2.50928041433 -0.151598251169 -0.222814118165 90.1006735959 3.65 1.1 2.5 0 0 90 3.63733805062 1.07427646933 2.50037955719 -0.119089558305 -0.235109555531 90.0346949016 47.232
3.63827200694 1.08741115564 2.50479266035 0.0235057146567 -0.248560014768 89.985842344 3.65 1.1 2.5 0 0 90 3.64014565719 1.07536763149 2.49937404121 -0.0498299063691 -0.198301786432 90.0336148987 47.304
3.64240488224 1.08834366395 2.50378452232 0.0755676976804 -0.189606114392 90.0320284721 3.65 1.1 2.5 0 0 90 3.64197676248 1.07606288715 2.49879022964 -0.0300395523124 -0.176415618662 90.029664382 47.412
3.64514310485 1.08918565244 2.50295329745 0.0754402794697 -0.110524029178 90.0045761212 3.65 1.1 2.5 0 0 90 3.64461983573 1.07700899733 2.49801424177 -0.0365018405635 -0.106373998625 90.0186039193 47.52
3.64837742303 1.08915316838 2.50503849142 -0.0401908536031 -0.0614266641851 90.0340685163 3.65 1.1 2.5 0 0 90 3.64705209581 1.07785968475 2.49707932063 -0.0707585305924 -0.0357897080847 90.012634907 47.628
3.64762647246 1.08990101273 2.50384908423 -0.0269505067212 -0.0425115717201 89.9847523854 3.65 1.1 2.5 0 0 90 3.64917600264 1.07868824631 2.49655234243 -0.121411990555 0.00346422123915 90.0115846039 47.736
3.65151894951 1.09050276897 2.50586455823 -0.147618797456 0.0240764228392 90.017782266 3.65 1.1 2.5 0 0 90 3.65041377016 1.07927133185 2.49634445637 -0.115825383325 0.042064974482 90.0104218236 47.808
3.64968757573 1.09224948916 2.50261697052 -0.0198763163151 0.0223493527826 89.9260436906 3.65 1.1 2.5 0 0 90 3.65195396215 1.08020552124 2.49604789343 -0.0542267888352 0.0201519699496 90.0142126673 47.916
3.65633263948 1.09248521523 2.50193204818 0.002022120123 0.0133182664037 90.0807388811 3.65 1.1 2.5 0 0 90 3.65318966251 1.08110883849 2.49625406513 -0.11178934684 0.0206286103235 90.0184693902 48.024
3.65258545916 1.09451853925 2.50163204356 -0.0179530408838 0.0167801190218 89.937221664 3.65 1.1 2.5 0 0 90 3.65419504623 1.08204442935 2.49663929908 -0.124775725351 0.0257307257314 90.0178000356 48.132
3.65470796834 1.09409147431 2.50733557189 -0.155778472994 0.0113365039728 89.9777602842 3.65 1.1 2.5 0 0 90 3.65498633893 1.08305212584 2.49702291043 -0.0673431020805 0.0323165678932 90.0189698281 48.24
3.65767352875 1.09591285956 2.50101522669 0.086366405295 0.0591008138842 90.0446181871 3.65 1.1 2.5 0 0 90 3.65558713645 1.0840465799 2.49772833424 -0.0359387493367 0.0668640092157 90.0153208337 48.312
3.6598740193 1.09553126899 2.50594925418 -0.0313615549028 0.0797462366159 90.0939305281 3.65 1.1 2.5 0 0 90 3.65586775629 1.08465736364 2.49822073909 -0.0536292503856 0.0801754774487 90.0125706828 48.42
3.65843580237 1.09631931344 2.5064701284 -0.046958490967 0.0791364046605 90.043224677 3.65 1.1 2.5 0 0 90 3.65610861805 1.08552008944 2.49914023519 -0.120348798435 0.0901477241427 90.009137192 48.528
3.65698830615 1.09702558672 2.50904321291 -0.175130462251 0.0845560664024 89.9889244792 3.65 1.1 2.5 0 0 90 3.65614058228 1.08643031193 2.50030239472 -0.156427002138 0.111499361079 90.0055746949 48.6
3.65638047971 1.09906816998 2.50658249834 -0.0707252136238 0.116730875354 89.9703108224 3.65 1.1 2.5 0 0 90 3.6560508512 1.08711185451 2.50108993661 -0.153641384173 0.110611520925 90.0078652903 48.708
3.65686535607 1.09983547581 2.50895038021 -0.119997214695 0.112559847209 89.9935041923 3.65 1.1 2.5 0 0 90 3.6557642835 1.08822738366 2.50254511284 -0.174155516716 0.125325245748 90.0112031943 48.816
