2.28570065284 0.5844523142 2.53470378836 0.308565825224 1.25418806076 9.52935791016 0.126599202782 0.0307457904982 1.52038848493 -0.00163464549315 -0.0121579077321 -0.00262394358407 9.62509536743 19.416 6 859 967 1.6029037675 -7.33223814176 88.2584756384 2.36026514804 0.592590705464 2.53054004921
2.28570065284 0.5844523142 2.53470378836 0.190475523472 1.23321568966 9.52843952179 0.126599202782 0.0307457904982 1.52038848493 0.0109567071931 -0.0066860816668 0.000310016241829 9.62509536743 19.436 6 860 967 1.63073570761 -7.32733760512 88.2493196286 2.38726898954 0.587018133561 2.53563852349
2.28570065284 0.5844523142 2.53470378836 0.201486170292 1.24685430527 9.61698913574 0.126599202782 0.0307457904982 1.52038848493 0.00565242559332 -0.00857603179693 -0.00535020543731 9.48784542084 19.452 6 861 969 1.64756799653 -7.34524450643 88.2411591891 2.4142797566 0.581421695509 2.54052981676
2.28570065284 0.5844523142 2.53470378836 0.215507626534 1.25259232521 9.49695205688 0.126599202782 0.0307457904982 1.52038848493 0.000322731460067 -0.0119249709177 -0.00488790156788 9.59060382843 19.472 6 862 970 1.64756799653 -7.34524450643 88.2411591891 2.4142797566 0.581421695509 2.54052981676
2.28570065284 0.5844523142 2.53470378836 0.153167739511 1.27854204178 9.51449966431 0.126599202782 0.0307457904982 1.52038848493 0.00294822735395 -0.0164500437903 -0.000566845033344 9.70178604126 19.496 6 863 971 1.6746827663 -7.3499407212 88.2330085688 2.4412991367 0.575801419004 2.54520208563
2.34060333044 0.572680687209 2.54805866074 0.164815172553 1.24292230606 9.43782901764 0.127082919797 0.0311102798486 1.51924427156 -0.00271645210069 -0.00495494205907 0.00269509517119 9.70178604126 19.512 7 864 971 1.6746827663 -7.3499407212 88.2330085688 2.4412991367 0.575801419004 2.54520208563
2.34060333044 0.572680687209 2.54805866074 0.265081197023 1.32492566109 9.62676811218 0.127082919797 0.0311102798486 1.51924427156 -0.00359372536969 0.00552332818106 -0.0004771753168 9.55523967743 19.532 7 865 973 1.68278438934 -7.34728071037 88.2281823992 2.46832772052 0.570152345442 2.54964913363
2.34060333044 0.572680687209 2.54805866074 0.276308178902 1.25761795044 9.59111595154 0.127082919797 0.0311102798486 1.51924427156 -0.00182592098918 0.0135530773324 -0.00217773844025 9.55523967743 19.556 7 866 973 1.68278438934 -7.34728071037 88.2281823992 2.46832772052 0.570152345442 2.54964913363
2.34060333044 0.572680687209 2.54805866074 0.191774204373 1.28474521637 9.58879184723 0.127082919797 0.0311102798486 1.51924427156 -0.00696341808271 0.00989396029681 -0.00165272316491 9.63209152222 19.572 7 867 975 1.66267753862 -7.34415753612 88.2255030725 2.49536536447 0.564468464171 2.55390327933
2.34060333044 0.572680687209 2.54805866074 0.235938861966 1.26377308369 9.54737377167 0.127082919797 0.0311102798486 1.51924427156 0.00776233595479 -0.000126204315988 -0.00252947220116 9.63209152222 19.592 7 868 975 1.65191075703 -7.34770371591 88.2215364715 2.52241107053 0.558755948622 2.55800174736
2.44441181158 0.546175021663 2.55813591741 0.338868230581 1.22491562366 9.62512207031 0.126414946378 0.0325624789752 1.52351827148 0.00608166890833 0.00360194963932 -0.00580762614964 9.7159614563 19.616 8 869 976 1.65191075703 -7.34770371591 88.2215364715 2.52241107053 0.558755948622 2.55800174736
2.44441181158 0.546175021663 2.55813591741 0.267428457737 1.31806588173 9.56761074066 0.126414946378 0.0325624789752 1.52351827148 -0.000193043887528 0.00452910873637 -0.00198052832394 9.44547843933 19.636 8 870 978 1.64726950226 -7.35395183495 88.2177088359 2.5494637871 0.553021607235 2.56195899523
2.44441181158 0.546175021663 2.55813591741 0.243413224816 1.27116203308 9.66982269287 0.126414946378 0.0325624789752 1.52351827148 -0.00202598956731 -0.000618045182731 -0.000975919975926 9.77923774719 19.656 8 871 979 1.64726950226 -7.35395183495 88.2177088359 2.5494637871 0.553021607235 2.56195899523
2.44441181158 0.546175021663 2.55813591741 0.244455143809 1.26867759228 9.59938621521 0.126414946378 0.0325624789752 1.52351827148 0.0058807295436 0.00301440663233 -0.00272349754351 9.77923774719 19.672 8 872 979 1.64046278136 -7.35863799464 88.2151196039 2.57652381202 0.547267135806 2.56577324753
2.44441181158 0.546175021663 2.55813591741 0.221803992987 1.23249161243 9.50938510895 0.126414946378 0.0325624789752 1.52351827148 0.010090468234 0.00281129588902 -0.00600493056237 9.72952842712 19.696 8 873 981 1.64046278136 -7.35863799464 88.2151196039 2.57652381202 0.547267135806 2.56577324753
2.51985826783 0.527507809475 2.57346153711 0.253551512957 1.26411437988 9.63059425354 0.127175991786 0.030646204734 1.5237134575 0.00228365325983 -0.00178402059183 -2.51907343309e-05 9.64404201508 19.712 9 874 982 1.64339113639 -7.36952588808 88.211992338 2.60358792645 0.541497182024 2.56941502601
2.51985826783 0.527507809475 2.57346153711 0.297134816647 1.27492797375 9.49113273621 0.127175991786 0.030646204734 1.5237134575 -0.00274152702969 -0.00934911149025 -0.000173054491196 9.64404201508 19.732 9 875 982 1.64339113639 -7.36952588808 88.211992338 2.60358792645 0.541497182024 2.56941502601
2.51985826783 0.527507809475 2.57346153711 0.247115135193 1.29192602634 9.54358005524 0.127175991786 0.030646204734 1.5237134575 0.0068823693009 -0.00545606485039 -0.00357725410259 9.62110233307 19.752 9 876 983 1.65381026846 -7.37043213101 88.2088542529 2.63065472959 0.535714735812 2.57283886198
2.51985826783 0.527507809475 2.57346153711 0.303136497736 1.24163401127 9.5064458847 0.127175991786 0.030646204734 1.5237134575 0.00476503071058 0.00868753155291 -0.00532356891318 9.6332025528 19.772 9 877 985 1.65381026846 -7.37043213101 88.2088542529 2.63065472959 0.535714735812 2.57283886198
2.51985826783 0.527507809475 2.57346153711 0.271813809872 1.33538639545 9.6685667038 0.127175991786 0.030646204734 1.5237134575 -0.00326503369343 0.0131793431711 -0.00248086938637 9.6332025528 19.796 9 878 985 1.6418484142 -7.37896634029 88.2075530398 2.65772187144 0.529916636734 2.57603316617
2.57670435321 0.514272126098 2.57757540772 0.276950508356 1.22698938847 9.56325912476 0.126939063452 0.0317189445335 1.52467033497 0.00287188172023 0.0130331385654 -0.000315449987565 9.65831851959 19.812 10 879 987 1.6418484142 -7.37896634029 88.2075530398 2.65772187144 0.529916636734 2.57603316617
2.57670435321 0.514272126098 2.57757540772 0.277711868286 1.30975687504 9.6167974472 0.126939063452 0.0317189445335 1.52467033497 0.010112020901 0.00490845737576 -0.00240081743806 9.57710933685 19.832 10 880 988 1.61737602563 -7.38603403027 88.2075899814 2.68478998217 0.524102274146 2.57901401847
2.57670435321 0.514272126098 2.57757540772 0.276545286179 1.20433199406 9.54660415649 0.126939063452 0.0317189445335 1.52467033497 0.0111475314634 -0.00956695529103 6.55597820614e-05 9.5985660553 19.852 10 881 989 1.61737602563 -7.38603403027 88.2075899814 2.68478998217 0.524102274146 2.57901401847
2.57670435321 0.514272126098 2.57757540772 0.218587517738 1.28398859501 9.56076145172 0.126939063452 0.0317189445335 1.52467033497 0.0197011435093 -0.00775837341726 0.0026869637938 9.55333614349 19.876 10 882 990 1.63397896267 -7.43882991487 88.2017581619 2.73893115652 0.512458143593 2.58441343387
2.57670435321 0.514272126098 2.57757540772 0.205373555422 1.30819582939 9.53657054901 0.126939063452 0.0317189445335 1.52467033497 0.0165720933737 -0.0121126082021 -0.00516544198154 9.62244319916 19.896 10 883 991 1.63397896267 -7.43882991487 88.2017581619 2.73893115652 0.512458143593 2.58441343387
2.67214525292 0.492768345264 2.59005830453 0.252176314592 1.24058175087 9.72154140472 0.128466254334 0.0310072253323 1.52319068903 0.0127353107246 0.000973825553134 -0.000196431386311 9.68880081177 19.912 11 884 992 1.63397896267 -7.43882991487 88.2017581619 2.73893115652 0.512458143593 2.58441343387
2.67214525292 0.492768345264 2.59005830453 0.307055950165 1.27435588837 9.62841129303 0.128466254334 0.0310072253323 1.52319068903 0.000602665139916 0.0081072877866 -0.000608767704133 9.66952133179 19.932 11 885 993 1.63299578851 -7.45016409067 88.1990147373 2.76601515287 0.506627419045 2.58687513839
2.67214525292 0.492768345264 2.59005830453 0.188975930214 1.34619259834 9.56428718567 0.128466254334 0.0310072253323 1.52319068903 0.00491961954776 0.0105678364408 -0.00674035176172 9.60118293762 19.952 11 886 994 1.63299578851 -7.45016409067 88.1990147373 2.76601515287 0.506627419045 2.58687513839
2.67214525292 0.492768345264 2.59005830453 0.224616155028 1.29874312878 9.65208816528 0.128466254334 0.0310072253323 1.52319068903 0.00620084141064 0.00800567676842 -4.29985532802e-05 9.56928634644 19.972 11 887 995 1.61188130837 -7.45415317475 88.1977612013 2.79311429647 0.50078589024 2.58918887744
2.67214525292 0.492768345264 2.59005830453 0.362194925547 1.23860406876 9.58583450317 0.128466254334 0.0310072253323 1.52319068903 0.0070288542347 0.00142743343085 -0.000755746937383 9.56928634644 19.992 11 888 995 1.61188130837 -7.45415317475 88.1977612013 2.79311429647 0.50078589024 2.58918887744
2.73322092681 0.479882980493 2.59310640728 0.261590182781 1.24859929085 9.54166793823 0.128289136157 0.0317183438197 1.52220324663 0.00400522189829 0.00927074530691 -0.00147504598254 9.63956642151 20.016 12 889 997 1.59841136655 -7.46581985239 88.1954662505 2.82022427973 0.494939723342 2.59132064144
2.73322092681 0.479882980493 2.59310640728 0.129501923919 1.27886462212 9.55392074585 0.128289136157 0.0317183438197 1.52220324663 0.00233908115569 0.0133019778651 -0.000382864819866 9.63956642151 20.032 12 890 997 1.59841136655 -7.46581985239 88.1954662505 2.82022427973 0.494939723342 2.59132064144
2.73322092681 0.479882980493 2.59310640728 0.32061830163 1.28292572498 9.65070915222 0.128289136157 0.0317183438197 1.52220324663 0.0024803388087 0.00159817384619 0.000330035020571 9.59363460541 20.052 12 891 998 1.58108009022 -7.47528032905 88.1938593832 2.84734392535 0.48909352852 2.59325160084
2.73322092681 0.479882980493 2.59310640728 0.306266903877 1.30988550186 9.60884857178 0.128289136157 0.0317183438197 1.52220324663 -0.000449885773385 0.00102150449593 -0.00419032512701 9.58208847046 20.076 12 892 1000 1.58108009022 -7.47528032905 88.1938593832 2.84734392535 0.48909352852 2.59325160084
2.73322092681 0.479882980493 2.59310640728 0.262777656317 1.29833936691 9.63283920288 0.128289136157 0.0317183438197 1.52220324663 -0.00163804726527 0.00788857413053 -0.00251286573012 9.52170467377 20.092 12 893 1001 1.57335078105 -7.47564906438 88.1911851275 2.87447528585 0.483251138404 2.59499231895
2.79544645832 0.46557558661 2.59918161158 0.267371296883 1.28902220726 9.5382938385 0.129030209091 0.0307339798526 1.52181370928 -0.0051872201575 0.01000864429 -0.00575015050827 9.28725242615 20.112 13 894 1002 1.57335078105 -7.47564906438 88.1911851275 2.87447528585 0.483251138404 2.59499231895
2.79544645832 0.46557558661 2.59918161158 0.17145600915 1.29630684853 9.56538677216 0.129030209091 0.0307339798526 1.52181370928 8.33833701039e-05 0.012953076489 0.00155139705629 9.67097663879 20.132 13 895 1003 1.55745785542 -7.46780879522 88.1886180654 2.90162065809 0.477414525456 2.59658819748
2.79544645832 0.46557558661 2.59918161158 0.249866694212 1.28955674171 9.64425945282 0.129030209091 0.0307339798526 1.52181370928 0.00428305498007 0.00611962003231 0.000262983287658 9.58302783966 20.152 13 896 1004 1.53446729667 -7.46426882771 88.1865257743 2.92877894444 0.47158398448 2.59806690319
2.79544645832 0.46557558661 2.59918161158 0.212311863899 1.34514522552 9.64201259613 0.129030209091 0.0307339798526 1.52181370928 0.0124697180154 0.0111124058959 -0.0077332361555 9.61490726471 20.176 13 897 1005 1.5112689833 -7.48866353783 88.1843032313 2.95594449859 0.465764214287 2.59944090123
2.79544645832 0.46557558661 2.59918161158 0.21917361021 1.31652450562 9.59649467468 0.129030209091 0.0307339798526 1.52181370928 0.0186628771635 0.0113393701386 -0.00184581207696 9.61490726471 20.192 13 898 1005 1.5112689833 -7.48866353783 88.1843032313 2.95594449859 0.465764214287 2.59944090123
2.893571243 0.44220516253 2.60417595232 0.157434165478 1.30607509613 9.69239330292 0.129219918369 0.0297350050711 1.52242757351 0.01865856514 0.00649591765895 -0.00263860248498 9.69360637665 20.212 14 899 1006 1.4941880432 -7.52041120093 88.1809292106 2.98311948787 0.459960313226 2.60072572084
2.893571243 0.44220516253 2.60417595232 0.315533280373 1.26837205887 9.74073505402 0.129219918369 0.0297350050711 1.52242757351 0.0145701465817 -0.000289353622887 -0.00241639689312 9.69137001038 20.232 14 900 1008 1.4941880432 -7.52041120093 88.1809292106 2.98311948787 0.459960313226 2.60072572084
2.893571243 0.44220516253 2.60417595232 0.285113960505 1.27013897896 9.70080089569 0.129219918369 0.0297350050711 1.52242757351 -0.00285463848468 0.00234594543062 0.00185035253407 9.63761425018 20.252 14 901 1009 1.4963030314 -7.53505405594 88.1759723993 3.01031201845 0.454178067642 2.60193324261
2.893571243 0.44220516253 2.60417595232 0.246231645346 1.25953531265 9.67892169952 0.129219918369 0.0297350050711 1.52242757351 -0.00745051282775 0.00480068193346 -0.00148822282909 9.69852256775 20.276 14 902 1010 1.4963030314 -7.53505405594 88.1759723993 3.01031201845 0.454178067642 2.60193324261
2.893571243 0.44220516253 2.60417595232 0.240202024579 1.29512274265 9.65471553802 0.129219918369 0.0297350050711 1.52242757351 0.00279371278975 -0.000629658833444 -0.0018963755877 9.60622882843 20.296 14 903 1011 1.49491963099 -7.53114338695 88.1711352309 3.03752782488 0.448416352903 2.60306767161
2.97044030753 0.424158058172 2.60484854621 0.263022840023 1.29129159451 9.73435306549 0.129849557529 0.0302518043493 1.5228346328 0.00320600486975 -0.00482767030999 -0.00201516741191 9.60622882843 20.316 15 904 1011 1.49491963099 -7.53114338695 88.1711352309 3.03752782488 0.448416352903 2.60306767161
2.97044030753 0.424158058172 2.60484854621 0.245798066258 1.29743659496 9.56268310547 0.129849557529 0.0302518043493 1.5228346328 0.00291894866768 -0.00275460656203 -0.00565521055369 9.71200466156 20.332 15 905 1013 1.50086322379 -7.53450175792 88.1650861893 3.06476335433 0.442674487146 2.60411618684
2.97044030753 0.424158058172 2.60484854621 0.199465304613 1.3675185442 9.61815929413 0.129849557529 0.0302518043493 1.5228346328 0.0037650680324 -0.0038796589005 -0.00456261131449 9.48211288452 20.352 15 906 1014 1.51272051451 -7.53347099151 88.1586382832 3.0920170346 0.43695170687 2.60507781936
2.97044030753 0.424158058172 2.60484854621 0.179525434971 1.32255280018 9.68268966675 0.129849557529 0.0302518043493 1.5228346328 0.00161275932714 -0.00865867643088 -0.00212199402568 9.66633224487 20.372 15 907 1015 1.51272051451 -7.53347099151 88.1586382832 3.0920170346 0.43695170687 2.60507781936
2.97044030753 0.424158058172 2.60484854621 0.248259112239 1.28456616402 9.69023513794 0.129849557529 0.0302518043493 1.5228346328 6.82882537079e-05 -0.0110023953247 -0.00486323385968 9.66633224487 20.392 15 908 1015 1.52843859014 -7.53395109772 88.1527448474 3.11928823253 0.431244804946 2.60596364517
3.0461330503 0.406220736319 2.61291508867 0.225881516933 1.31669235229 9.64735507965 0.130360480778 0.0287174729363 1.52271434241 0.00302083721999 -0.0013529977522 -0.000751961693194 9.64608287811 20.412 16 909 1017 1.52843859014 -7.53395109772 88.1527448474 3.11928823253 0.431244804946 2.60596364517
3.0461330503 0.406220736319 2.61291508867 0.224775508046 1.38267326355 9.66984462738 0.130360480778 0.0287174729363 1.52271434241 0.0057659594031 -0.00234205278039 -0.00583984013184 9.75421047211 20.432 16 910 1018 1.53884515715 -7.54832629215 88.1483414288 3.14657608513 0.42554873022 2.60681001339
3.0461330503 0.406220736319 2.61291508867 0.183135613799 1.26015663147 9.5979309082 0.130360480778 0.0287174729363 1.52271434241 0.00974416152257 -0.00483848622471 0.000785139766495 9.72699928284 20.452 16 911 1019 1.53884515715 -7.54832629215 88.1483414288 3.14657608513 0.42554873022 2.60681001339
3.0461330503 0.406220736319 2.61291508867 0.186858505011 1.30707478523 9.62335968018 0.130360480778 0.0287174729363 1.52271434241 0.00830527745801 -0.00739386680007 0.00293730702714 9.59290218353 20.472 16 912 1020 1.55221893513 -7.56703733212 88.1441647176 3.17388209854 0.419859707489 2.60763760409
3.0461330503 0.406220736319 2.61291508867 0.281305879354 1.38748812675 9.70974063873 0.130360480778 0.0287174729363 1.52271434241 0.00554949163142 -0.00283996390581 -0.00218842248551 9.70839118958 20.496 16 913 1021 1.55221893513 -7.56703733212 88.1441647176 3.17388209854 0.419859707489 2.60763760409
3.11905265134 0.391370548392 2.60816731079 0.324523359537 1.28954410553 9.67549324036 0.130198054658 0.0320489247277 1.52137114053 0.00604007278252 0.00272929782577 -0.000107230474268 9.70839118958 20.516 17 914 1021 1.56374692551 -7.5799981663 88.1405860446 3.20121044639 0.414175383617 2.60845528684
3.11905265134 0.391370548392 2.60816731079 0.216389462352 1.34973335266 9.73368263245 0.130198054658 0.0320489247277 1.52137114053 0.00825476997215 0.00634567297593 -0.00459350142165 9.61048030853 20.532 17 915 1022 1.56374692551 -7.5799981663 88.1405860446 3.20121044639 0.414175383617 2.60845528684
3.11905265134 0.391370548392 2.60816731079 0.254359990358 1.30761635303 9.72120761871 0.130198054658 0.0320489247277 1.52137114053 0.00684864937011 0.00407243610889 -0.000755813294117 9.46174240112 20.552 17 916 1024 1.55892160216 -7.5891873453 88.1376230358 3.22856391864 0.408489997928 2.6092679609
3.11905265134 0.391370548392 2.60816731079 0.17788104713 1.35548698902 9.67693424225 0.130198054658 0.0320489247277 1.52137114053 0.00487673819679 -0.0023799212876 0.00254808357448 9.46174240112 20.572 17 917 1024 1.55892160216 -7.5891873453 88.1376230358 3.22856391864 0.408489997928 2.6092679609
3.11905265134 0.391370548392 2.60816731079 0.199810236692 1.30988574028 9.6252374649 0.130198054658 0.0320489247277 1.52137114053 0.00322342060189 -0.00191558247834 -0.00262750740631 9.57844161987 20.592 17 918 1025 1.55742532388 -7.5994715957 88.1337296803 3.25594258243 0.402804160297 2.61007047812
3.1948300162 0.374468895226 2.60790700616 0.290074080229 1.36769092083 9.70089817047 0.130994660927 0.0330968476975 1.52121537972 0.00162035240009 -0.00102666080866 -0.00228733910017 9.65257263184 20.612 18 919 1027 1.55742532388 -7.5994715957 88.1337296803 3.25594258243 0.402804160297 2.61007047812
3.1948300162 0.374468895226 2.60790700616 0.332527011633 1.3013023138 9.59051322937 0.130994660927 0.0330968476975 1.52121537972 0.000191017666104 0.00162065282993 -0.00267975227444 9.56758308411 20.632 18 920 1028 1.56065481017 -7.60748051632 88.1291809698 3.28334639336 0.397120051532 2.61085215395
3.1948300162 0.374468895226 2.60790700616 0.148518681526 1.30935919285 9.60958957672 0.130994660927 0.0330968476975 1.52121537972 -0.000521290391596 0.00829754860669 0.000351190711345 9.43340873718 20.652 18 921 1029 1.56065481017 -7.60748051632 88.1291809698 3.28334639336 0.397120051532 2.61085215395
3.1948300162 0.374468895226 2.60790700616 0.207511395216 1.37108874321 9.57599925995 0.130994660927 0.0330968476975 1.52121537972 -0.00586041457337 -0.00307470702037 -0.00287621919534 9.83048152924 20.672 18 922 1030 1.55307128548 -7.60582075652 88.1250331793 3.31077456551 0.391435969151 2.61157903591
3.1948300162 0.374468895226 2.60790700616 0.30891892314 1.28399610519 9.70229244232 0.130994660927 0.0330968476975 1.52121537972 -0.0110467637269 0.00111838032089 -0.0121268495871 9.70743179321 20.692 18 923 1031 1.55307128548 -7.60582075652 88.1250331793 3.31077456551 0.391435969151 2.61157903591
3.27029104837 0.356685953149 2.61226871065 0.317323386669 1.34390723705 9.97816085815 0.131216544847 0.0320357323359 1.52089614149 -0.000474760817276 0.00683251300424 -0.0279119057535 9.55971336365 20.716 19 924 1032 1.53567990421 -7.59012170955 88.0685456096 3.36571868781 0.380068239806 2.61311952158
3.27029104837 0.356685953149 2.61226871065 0.153969809413 1.37605571747 10.0012836456 0.131216544847 0.0320357323359 1.52089614149 -0.00272924591173 0.00054338409163 -0.06692668851 9.62377738953 20.736 19 925 1033 1.53567990421 -7.59012170955 88.0685456096 3.36571868781 0.380068239806 2.61311952158
3.27029104837 0.356685953149 2.61226871065 0.286138415337 1.28744542599 9.90020847321 0.131216544847 0.0320357323359 1.52089614149 -0.00151093523801 -0.00400049334794 -0.0970450570761 9.57401657104 20.756 19 926 1034 1.53570623985 -7.59270360442 87.9097954584 3.39326688146 0.374379867618 2.61435844777
3.27029104837 0.356685953149 2.61226871065 0.273415744305 1.27719593048 9.76742458344 0.131216544847 0.0320357323359 1.52089614149 -0.00355230852347 -0.0110267605859 -0.117988676387 9.59464645386 20.776 19 927 1035 1.53570623985 -7.59270360442 87.9097954584 3.39326688146 0.374379867618 2.61435844777
3.27029104837 0.356685953149 2.61226871065 0.214241206646 1.30536580086 9.62201881409 0.131216544847 0.0320357323359 1.52089614149 -0.000748893521638 -0.011857366212 -0.134348400491 9.61536502838 20.796 19 928 1036 1.55731911087 -7.58902219269 87.6554867207 3.42084977518 0.368694250362 2.6156660999
3.34760916715 0.338973757411 2.61849891329 0.31042483449 1.32802700996 9.80630302429 0.13095442651 0.0306552348497 1.51588954415 -0.00897888581586 -0.0146393412951 -0.166340075987 9.61536502838 20.812 20 929 1036 1.55731911087 -7.58902219269 87.6554867207 3.42084977518 0.368694250362 2.6156660999
3.34760916715 0.338973757411 2.61849891329 0.204521030188 1.35304617882 9.81836605072 0.13095442651 0.0306552348497 1.51588954415 -0.00772366228831 -0.00394358860731 -0.214052387136 9.54990959167 20.836 20 930 1038 1.5714275032 -7.57922680103 87.2891084197 3.44847408034 0.363003856268 2.61706054048
3.34760916715 0.338973757411 2.61849891329 0.20114377141 1.36748218536 9.74651908875 0.13095442651 0.0306552348497 1.51588954415 -0.00280409700554 0.00272996069461 -0.251071073669 9.78202915192 20.852 20 931 1039 1.5714275032 -7.57922680103 87.2891084197 3.44847408034 0.363003856268 2.61706054048
3.34760916715 0.338973757411 2.61849891329 0.216357693076 1.29338550568 9.60195922852 0.13095442651 0.0306552348497 1.51588954415 -0.00554647364971 0.00329217638418 -0.268006869215 9.57480716705 20.872 20 932 1040 1.5656111831 -7.56611006847 86.7920560412 3.47613843168 0.357299852393 2.61845191429
3.34760916715 0.338973757411 2.61849891329 0.154386729002 1.25593078136 9.49306774139 0.13095442651 0.0306552348497 1.51588954415 -0.0103002108945 0.00398316790879 -0.301661409992 9.52579116821 20.896 20 933 1041 1.5656111831 -7.56611006847 86.7920560412 3.47613843168 0.357299852393 2.61845191429
3.42207074906 0.323069029945 2.62114161567 0.16860230267 1.41441547871 9.8052406311 0.130233674914 0.031503847798 1.49553961633 -0.00830723367017 0.000145993580278 -0.341763295787 9.52579116821 20.912 21 934 1041 1.56213328352 -7.54936698927 86.1918572298 3.50382096638 0.351585427771 2.6196766882
3.42207074906 0.323069029945 2.62114161567 0.173221960664 1.30186569691 9.81972694397 0.130233674914 0.031503847798 1.49553961633 -0.00585117678475 -0.0059106741327 -0.379072733778 9.67775726318 20.936 21 935 1042 1.56213328352 -7.54936698927 86.1918572298 3.50382096638 0.351585427771 2.6196766882
3.42207074906 0.323069029945 2.62114161567 0.198294818401 1.31389117241 9.60911846161 0.130233674914 0.031503847798 1.49553961633 -0.00505578213689 -0.000546884629242 -0.404047079938 9.72631645203 20.956 21 936 1044 1.57300783593 -7.53016221181 85.4608503613 3.53154022917 0.345858399701 2.62093514956
3.42207074906 0.323069029945 2.62114161567 0.194859623909 1.37443566322 9.4936542511 0.130233674914 0.031503847798 1.49553961633 -0.00295952543002 0.000565476751122 -0.421580710071 9.72631645203 20.964 21 937 1044 1.57300783593 -7.53016221181 85.4608503613 3.53154022917 0.345858399701 2.62093514956
3.42207074906 0.323069029945 2.62114161567 0.092549033463 1.2773911953 9.49535751343 0.130233674914 0.031503847798 1.49553961633 0.00160050451904 0.0136250145507 -0.440581419128 9.46932315826 20.988 21 938 1045 1.57300783593 -7.53016221181 85.4608503613 3.53154022917 0.345858399701 2.62093514956
3.48622598928 0.308025490356 2.62269215612 0.0922649428248 1.31511592865 9.47843742371 0.129189036644 0.0319175027204 1.46961611911 0.00623349590841 0.00634178051323 -0.452372886795 9.65456390381 21.016 22 939 1047 1.5766984525 -7.51946776858 84.6144877023 3.55928079636 0.340117172126 2.62210724929
3.48622598928 0.308025490356 2.62269215612 0.126344591379 1.37235331535 9.47651672363 0.129189036644 0.0319175027204 1.46961611911 0.00853460819143 -0.00452533366561 -0.449446596759 9.65456390381 21.032 22 940 1047 1.56371839651 -7.53728086551 82.7739231087 3.61471549106 0.328601497451 2.62356083084
3.48622598928 0.308025490356 2.62269215612 0.156810700893 1.3340947628 9.49245738983 0.129189036644 0.0319175027204 1.46961611911 0.0131428006725 -0.0114836422953 -0.447398581165 9.60674762726 21.056 22 941 1049 1.56371839651 -7.53728086551 82.7739231087 3.61471549106 0.328601497451 2.62356083084
3.48622598928 0.308025490356 2.62269215612 0.0951478406787 1.31010019779 9.53058242798 0.129189036644 0.0319175027204 1.46961611911 0.00511399727929 -0.00501736954257 -0.438641973394 9.60674762726 21.076 22 942 1049 1.56371839651 -7.53728086551 82.7739231087 3.61471549106 0.328601497451 2.62356083084
3.48622598928 0.308025490356 2.62269215612 0.089225359261 1.33741831779 9.44870376587 0.129189036644 0.0319175027204 1.46961611911 0.00237429516073 0.00404558701038 -0.440832920927 9.71152687073 21.092 22 943 1051 1.5757863816 -7.55081309144 81.8599434183 3.64238760178 0.322841338821 2.62377404391
3.5756491668 0.287931908482 2.61879107557 -0.0125575810671 1.33078455925 10.0111236572 0.129369596597 0.0340905774235 1.41661110486 -0.00148944694866 0.00495536902517 -0.443182029384 9.71152687073 21.112 23 944 1051 1.56787547976 -7.55831475628 80.9504865858 3.67005715102 0.31707170681 2.62398042006
3.5756491668 0.287931908482 2.61879107557 0.0680912211537 1.34290707111 9.86554145813 0.129369596597 0.0340905774235 1.41661110486 0.00348599699009 0.00287566843972 -0.459937342065 9.68833637238 21.136 23 945 1053 1.56787547976 -7.55831475628 80.9504865858 3.67005715102 0.31707170681 2.62398042006
3.5756491668 0.287931908482 2.61879107557 0.00847984943539 1.35779154301 9.75485420227 0.129369596597 0.0340905774235 1.41661110486 0.00578425150979 -0.00266624314182 -0.472997703212 9.68833637238 21.152 23 946 1053 1.57088542788 -7.56822059339 79.989546747 3.69775099601 0.311288839822 2.62443059399
3.5756491668 0.287931908482 2.61879107557 0.12833981216 1.31375288963 9.70136356354 0.129369596597 0.0340905774235 1.41661110486 0.00149829291421 -0.00750725765184 -0.47983283605 9.64723682404 21.172 23 947 1055 1.57088542788 -7.56822059339 79.989546747 3.69775099601 0.311288839822 2.62443059399
3.5756491668 0.287931908482 2.61879107557 0.0198767129332 1.32336044312 9.60670948029 0.129369596597 0.0340905774235 1.41661110486 -0.00298856825885 -0.0122311823297 -0.487053908962 9.64723682404 21.196 23 948 1055 1.59062536555 -7.5702045 78.9912145812 3.72545477248 0.305499378188 2.62490514166
3.5756491668 0.287931908482 2.61879107557 0.0145695395768 1.34585785866 9.60152339935 0.129369596597 0.0340905774235 1.41661110486 -0.00353832238671 -0.0062429812032 -0.484237470287 9.5978012085 21.216 23 949 1056 1.59062536555 -7.5702045 78.9912145812 3.72545477248 0.305499378188 2.62490514166
3.64917519185 0.2701838975 2.62646293263 0.0318217463791 1.2802284956 9.45452976227 0.13102363161 0.0319339250003 1.37056983964 -0.00195384745803 0.00105769027786 -0.478566535371 9.60912036896 21.236 24 950 1058 1.60358380452 -7.56065387296 77.991147805 3.75315153246 0.299703239371 2.62518753202
3.64917519185 0.2701838975 2.62646293263 0.0117385191843 1.38555920124 9.5274848938 0.13102363161 0.0319339250003 1.37056983964 -0.00555853101742 0.00541068099037 -0.469367154497 9.71107387543 21.252 24 951 1059 1.60358380452 -7.56065387296 77.991147805 3.75315153246 0.299703239371 2.62518753202
3.64917519185 0.2701838975 2.62646293263 -0.080388173461 1.34937393665 9.4231004715 0.13102363161 0.0319339250003 1.37056983964 -0.00590736254436 -0.00279836195923 -0.450882562059 9.55889701843 21.272 24 952 1060 1.60394891656 -7.55201704761 77.0192271423 3.7808281111 0.293897586898 2.62518042231
3.64917519185 0.2701838975 2.62646293263 0.00915361661464 1.3356512785 9.54945659637 0.13102363161 0.0319339250003 1.37056983964 0.00320511755216 -0.0127575444284 -0.438107021707 9.55889701843 21.296 24 953 1060 1.60394891656 -7.55201704761 77.0192271423 3.7808281111 0.293897586898 2.62518042231
3.7256482534 0.252524831362 2.62599579219 0.0353833921254 1.3598870039 9.64549255371 0.131988601397 0.032713419721 1.32376313359 0.00773504913467 -0.0130494293052 -0.420196839231 9.58887767792 21.312 25 954 1061 1.62113635463 -7.54412424055 76.0942021898 3.80847982052 0.288085259867 2.62490690446
3.7256482534 0.252524831362 2.62599579219 -0.088227905333 1.43184399605 9.66300678253 0.131988601397 0.032713419721 1.32376313359 0.0078849389838 -0.00710041543871 -0.401782729286 9.80334281921 21.332 25 955 1063 1.62113635463 -7.54412424055 76.0942021898 3.80847982052 0.288085259867 2.62490690446
3.7256482534 0.252524831362 2.62599579219 -0.151720061898 1.31793630123 9.80356311798 0.131988601397 0.032713419721 1.32376313359 0.0109625242339 0.00329194867581 -0.385713793892 9.46703338623 21.352 25 956 1064 1.65128757976 -7.55491593626 75.227369387 3.83611021809 0.282265448583 2.62449431306
3.7256482534 0.252524831362 2.62599579219 -0.0765060931444 1.44199037552 9.79446792603 0.131988601397 0.032713419721 1.32376313359 0.0162733679326 -0.00455935674191 -0.368357696193 9.46703338623 21.376 25 957 1064 1.65128757976 -7.55491593626 75.227369387 3.83611021809 0.282265448583 2.62449431306
3.7256482534 0.252524831362 2.62599579219 -0.0656033754349 1.39668917656 9.71928596497 0.131988601397 0.032713419721 1.32376313359 0.0160375626447 -0.00857545810223 -0.351247974294 9.7724905014 21.396 25 958 1066 1.66927378094 -7.58167538996 74.4258814892 3.86372877539 0.276429359917 2.62408595525
3.80877207575 0.23316647965 2.64161200635 -0.0517104566097 1.37055134773 9.7045211792 0.13589856667 0.0281312765515 1.28323194183 0.0121780482741 -0.00540683700174 -0.334247299093 9.54932117462 21.416 26 959 1067 1.66927378094 -7.58167538996 74.4258814892 3.86372877539 0.276429359917 2.62408595525
3.80877207575 0.23316647965 2.64161200635 -0.0456708297133 1.33318817616 9.73752784729 0.13589856667 0.0281312765515 1.28323194183 0.00961908303815 0.00395893326558 -0.313009448904 9.54932117462 21.436 26 960 1067 1.69193409856 -7.60730695275 73.6892428118 3.8913425334 0.270574868938 2.62370877233
3.80877207575 0.23316647965 2.64161200635 -0.118650622666 1.3127156496 9.72412967682 0.13589856667 0.0281312765515 1.28323194183 0.00349144755545 0.00533384175569 -0.296587057966 9.52271366119 21.452 26 961 1069 1.69193409856 -7.60730695275 73.6892428118 3.8913425334 0.270574868938 2.62370877233
3.80877207575 0.23316647965 2.64161200635 -0.129381000996 1.37316954136 9.64841079712 0.13589856667 0.0281312765515 1.28323194183 0.00398447668794 0.00876092163444 -0.285169430631 9.67716789246 21.472 26 962 1070 1.69193409856 -7.60730695275 73.6892428118 3.8913425334 0.270574868938 2.62370877233
3.80877207575 0.23316647965 2.64161200635 -0.16676685214 1.3896266222 9.69919300079 0.13589856667 0.0281312765515 1.28323194183 0.0120191115575 0.00281536669999 -0.270572938579 9.67716789246 21.492 26 963 1070 1.69326312153 -7.63991299986 72.408968572 3.94657668443 0.258797616664 2.62291832504
3.84509002931 0.222323925557 2.63108291759 -0.115856863558 1.38747811317 10.0831375122 0.136621422775 0.0326745794454 1.25769915719 0.0128242985966 -0.00579780854687 -0.226600476163 9.64723682404 21.516 27 964 1071 1.69326312153 -7.63991299986 72.408968572 3.94657668443 0.258797616664 2.62291832504
3.84509002931 0.222323925557 2.63108291759 -0.042733579874 1.38490200043 9.92487430573 0.136621422775 0.0326745794454 1.25769915719 0.00839504205305 -0.00461920911849 -0.184087686795 9.52717781067 21.532 27 965 1073 1.70522053687 -7.65854833099 71.875211126 3.97421018048 0.252875951653 2.62257742663
3.84509002931 0.222323925557 2.63108291759 -0.13489048183 1.38832843304 9.94498348236 0.136621422775 0.0326745794454 1.25769915719 0.00351467054951 -0.00604219923198 -0.137395702857 9.57119464874 21.552 27 966 1074 1.72222078495 -7.67020780064 71.4908218042 4.00189057694 0.246929239696 2.62259508175
3.84509002931 0.222323925557 2.63108291759 -0.0952954888344 1.23374032974 9.67505741119 0.136621422775 0.0326745794454 1.25769915719 -0.000949918160593 -0.00927942155331 -0.106131606358 9.62269592285 21.576 27 967 1075 1.72893483029 -7.66240842368 71.2568548638 4.02960735108 0.240958272993 2.62269471421
3.84509002931 0.222323925557 2.63108291759 -0.112992987037 1.37418138981 9.61251735687 0.136621422775 0.0326745794454 1.25769915719 -0.00574499436971 -0.00170659345977 -0.0799582680641 9.68591499329 21.592 27 968 1076 1.72893483029 -7.66240842368 71.2568548638 4.02960735108 0.240958272993 2.62269471421
3.94462871746 0.198657195061 2.61933203036 -0.17922270298 1.31971633434 9.42590522766 0.137927853666 0.0372828399116 1.22832240513 -0.0158310329853 -0.00854813030392 -0.0449236599682 9.67552471161 21.612 28 969 1077 1.73501938935 -7.63383154456 71.1369639501 4.057336354 0.234969919098 2.62256618017
3.94462871746 0.198657195061 2.61933203036 -0.0678268000484 1.35899186134 9.40463924408 0.137927853666 0.0372828399116 1.22832240513 -0.0161856973855 -0.00944654273272 -0.0267579225777 9.67552471161 21.632 28 970 1077 1.73501938935 -7.63383154456 71.1369639501 4.057336354 0.234969919098 2.62256618017
3.94462871746 0.198657195061 2.61933203036 -0.209882542491 1.33356738091 9.44975662231 0.137927853666 0.0372828399116 1.22832240513 -0.012794546069 -0.0085124355036 -0.00846973582639 9.53022670746 21.652 28 971 1078 1.74747313379 -7.5989379242 71.0951090577 4.08505835602 0.228969500808 2.62206814026
3.94462871746 0.198657195061 2.61933203036 -0.191275060177 1.36087203026 9.48410606384 0.137927853666 0.0372828399116 1.22832240513 -0.00294253577795 -0.00933519939363 0.00238617081658 9.53395748138 21.672 28 972 1079 1.74747313379 -7.5989379242 71.0951090577 4.08505835602 0.228969500808 2.62206814026
3.94462871746 0.198657195061 2.61933203036 -0.156398251653 1.31686866283 9.76734352112 0.137927853666 0.0372828399116 1.22832240513 0.0033316861527 -0.000286303570559 0.0230771316262 9.50422000885 21.696 28 973 1081 1.75293099458 -7.58925256036 71.1090612372 4.11276636851 0.222954711684 2.62130823287
4.04349561997 0.173097831594 2.64549101237 -0.137085303664 1.40320301056 10.0092458725 0.139265648372 0.0275668238024 1.23108236851 0.00963742916155 0.0114127443877 0.0595008017542 9.50422000885 21.712 29 974 1081 1.75293099458 -7.58925256036 71.1090612372 4.11276636851 0.222954711684 2.62130823287
4.04349561997 0.173097831594 2.64549101237 -0.245285481215 1.30157971382 9.97003269196 0.139265648372 0.0275668238024 1.23108236851 0.0141197366329 0.0164924245101 0.0856105381669 9.77483844757 21.732 29 975 1083 1.75293099458 -7.58925256036 71.1090612372 4.11276636851 0.222954711684 2.62130823287
4.04349561997 0.173097831594 2.64549101237 -0.151348605752 1.31419658661 9.89235210419 0.139265648372 0.0275668238024 1.23108236851 0.00411521016303 0.00870574077189 0.126125819427 9.67304897308 21.756 29 976 1084 1.73912924682 -7.60723608936 71.2317299771 4.14049612124 0.216913529242 2.62081354255
4.04349561997 0.173097831594 2.64549101237 -0.114863619208 1.32052981853 9.71821403503 0.139265648372 0.0275668238024 1.23108236851 -0.000998291870026 0.00718824702844 0.150771371466 9.655626297 21.772 29 977 1085 1.73912924682 -7.60723608936 71.2317299771 4.14049612124 0.216913529242 2.62081354255
4.04349561997 0.173097831594 2.64549101237 -0.230743229389 1.27209246159 9.73819351196 0.139265648372 0.0275668238024 1.23108236851 -0.0108223289562 0.00200125596084 0.182580761057 9.59092617035 21.792 29 978 1086 1.71990501 -7.62611365155 71.480214063 4.16825612783 0.210847308994 2.62059061271
4.08241402727 0.163990224336 2.63316031388 -0.184286206961 1.31358456612 9.95844268799 0.138767951107 0.0315485018482 1.2311655469 -0.0141237994967 -0.00048124908872 0.224899358493 9.59092617035 21.812 30 979 1086 1.71990501 -7.62611365155 71.480214063 4.16825612783 0.210847308994 2.62059061271
4.08241402727 0.163990224336 2.63316031388 -0.115148574114 1.31639516354 9.75000572205 0.138767951107 0.0315485018482 1.2311655469 -0.00838193505388 0.00421063320309 0.251848004204 9.4000749588 21.836 30 980 1088 1.69893042915 -7.59731850657 72.3117534751 4.22386627747 0.19867618435 2.62050529541
4.08241402727 0.163990224336 2.63316031388 -0.137745052576 1.28502094746 9.68749046326 0.138767951107 0.0315485018482 1.2311655469 -0.00863541684431 0.000629173452668 0.285249672276 9.4000749588 21.856 30 981 1088 1.69893042915 -7.59731850657 72.3117534751 4.22386627747 0.19867618435 2.62050529541
4.08241402727 0.163990224336 2.63316031388 -0.164728403091 1.38385772705 9.54154682159 0.138767951107 0.0315485018482 1.2311655469 -0.0084353901757 0.0115747749579 0.308816782576 9.61376571655 21.872 30 982 1089 1.6818165956 -7.58108645268 72.9164121623 4.25171503471 0.19258024239 2.62052090791
4.08241402727 0.163990224336 2.63316031388 -0.0292672999203 1.3918068409 9.52777481079 0.138767951107 0.0315485018482 1.2311655469 -0.0103466568826 0.0130160758045 0.334661773783 9.42901325226 21.892 30 983 1091 1.65348197397 -7.57129291246 73.5975606502 4.27955548647 0.18648788868 2.62027408997
4.21958665195 0.140933235837 2.64269154614 -0.0709614604712 1.26199519634 9.45513248444 0.13718924343 0.0256139327249 1.27104220106 -0.00559213406724 0.0128676509258 0.341692737681 9.59101963043 21.916 31 984 1092 1.65348197397 -7.57129291246 73.5975606502 4.27955548647 0.18648788868 2.62027408997
4.21958665195 0.140933235837 2.64269154614 -0.128065034747 1.3131043911 9.32835292816 0.13718924343 0.0256139327249 1.27104220106 0.00593419956657 0.00460177331761 0.347222081763 9.59101963043 21.932 31 985 1092 1.65348197397 -7.57129291246 73.5975606502 4.307368998 0.180410805331 2.6196768628
4.21958665195 0.140933235837 2.64269154614 0.0347220301628 1.33389592171 9.45648384094 0.13718924343 0.0256139327249 1.27104220106 0.0123790640073 -0.000134720664304 0.341386012179 9.50746631622 21.952 31 986 1094 1.64245098979 -7.57990669364 74.3084214113 4.307368998 0.180410805331 2.6196768628
4.21958665195 0.140933235837 2.64269154614 0.00446537137032 1.39026200771 9.48072624207 0.13718924343 0.0256139327249 1.27104220106 0.013438694893 -0.00276759758063 0.346684865099 9.66137313843 21.972 31 987 1095 1.64245098979 -7.57990669364 74.3084214113 4.307368998 0.180410805331 2.6196768628
4.21958665195 0.140933235837 2.64269154614 -0.0225038491189 1.39400148392 9.52676677704 0.13718924343 0.0256139327249 1.27104220106 0.0190714893551 -0.00459874516755 0.347477726084 9.55949115753 21.992 31 988 1096 1.65266349316 -7.60701599867 75.0158461701 4.3351516392 0.174355248107 2.61878286406
4.24894197675 0.128594490932 2.62700241252 -0.00241725589149 1.31326913834 10.0399160385 0.134227374775 0.030702810004 1.28522303697 0.0195856669607 -0.0131499711651 0.364616475445 9.46950054169 22.012 32 989 1097 1.68198709224 -7.63798283115 75.7367125007 4.36293526337 0.168314684508 2.61796961436
4.24894197675 0.128594490932 2.62700241252 -0.0151816289872 1.33813333511 10.0365753174 0.134227374775 0.030702810004 1.28522303697 0.019166923842 -0.0212132707465 0.378126046997 9.47492218018 22.036 32 990 1098 1.68198709224 -7.63798283115 75.7367125007 4.36293526337 0.168314684508 2.61796961436
4.24894197675 0.128594490932 2.62700241252 -0.0314834564924 1.42721557617 9.9353313446 0.134227374775 0.030702810004 1.28522303697 0.0135837968128 -0.0249103326577 0.399163029534 9.60906219482 22.056 32 991 1099 1.68198709224 -7.63798283115 75.7367125007 4.36293526337 0.168314684508 2.61796961436
4.24894197675 0.128594490932 2.62700241252 0.0546484366059 1.37687432766 9.78491401672 0.134227374775 0.030702810004 1.28522303697 0.00931302063781 -0.0149773173261 0.416399321896 9.46415138245 22.072 32 992 1100 1.73260622253 -7.65870020754 76.5240970018 4.39075856874 0.162278512926 2.61754406717
4.24894197675 0.128594490932 2.62700241252 0.0169246234 1.33024835587 9.74956989288 0.134227374775 0.030702810004 1.28522303697 0.00345465705413 -0.0081904046464 0.419280908448 9.45471572876 22.096 32 993 1101 1.73260622253 -7.65870020754 76.5240970018 4.39075856874 0.162278512926 2.61754406717
4.35659053236 0.104238794312 2.6369121637 -0.0787280574441 1.3076158762 9.58435344696 0.135260782026 0.0279829791307 1.33451869763 -0.00522968101632 -0.000317945109513 0.418151489836 9.48154449463 22.116 33 994 1102 1.76935928082 -7.66470161996 77.3651488935 4.41861017703 0.156239077689 2.61726984801
4.35659053236 0.104238794312 2.6369121637 0.0179115403444 1.38443207741 9.52547645569 0.135260782026 0.0279829791307 1.33451869763 -0.00513228423279 0.00381437826499 0.417735449416 9.48154449463 22.132 33 995 1102 1.76935928082 -7.66470161996 77.3651488935 4.41861017703 0.156239077689 2.61726984801
4.35659053236 0.104238794312 2.6369121637 0.063175573945 1.27867650986 9.49185657501 0.135260782026 0.0279829791307 1.33451869763 -0.00507533897963 0.00408858105138 0.406737140757 9.61622524261 22.152 33 996 1104 1.76824226334 -7.65490063282 78.2256371226 4.4464686922 0.15018779987 2.61687799659
4.35659053236 0.104238794312 2.6369121637 -0.0239818952978 1.40109336376 9.43984031677 0.135260782026 0.0279829791307 1.33451869763 0.000597833205568 0.0131698194665 0.399321816307 9.61622524261 22.176 33 997 1104 1.76824226334 -7.65490063282 78.2256371226 4.4464686922 0.15018779987 2.61687799659
4.35659053236 0.104238794312 2.6369121637 0.0712919309735 1.29062449932 9.6116361618 0.135260782026 0.0279829791307 1.33451869763 0.00426595310363 0.0122396107537 0.394170037848 9.5541343689 22.196 33 998 1106 1.75520212228 -7.64510652297 79.0728054992 4.474318082 0.144126867589 2.6162102092
4.41266275868 0.0885868951234 2.60704770562 0.0322935394943 1.35225367546 9.98389339447 0.131880277289 0.0381798011945 1.36780370036 0.00769516431409 0.0115195521858 0.404089919669 9.5541343689 22.212 34 999 1106 1.73246013251 -7.65403322717 79.8914311372 4.50215525902 0.13805851587 2.61533598066
4.41266275868 0.0885868951234 2.60704770562 0.143786102533 1.31746613979 10.0159654617 0.131880277289 0.0381798011945 1.36780370036 0.00549708843845 0.00849383601516 0.415081105572 9.42953681946 22.236 34 1000 1108 1.73246013251 -7.65403322717 79.8914311372 4.50215525902 0.13805851587 2.61533598066
4.41266275868 0.0885868951234 2.60704770562 0.0960142463446 1.41244256496 9.98769855499 0.131880277289 0.0381798011945 1.36780370036 0.00789641800019 0.0081227337715 0.431805274826 9.51253223419 22.252 34 1001 1109 1.71501013593 -7.67176036708 80.737716774 4.53001975363 0.13197876129 2.61473513194
4.41266275868 0.0885868951234 2.60704770562 0.11079120636 1.3643001318 9.83195209503 0.131880277289 0.0381798011945 1.36780370036 0.00197908551581 0.00435511346504 0.446501276833 9.51253223419 22.272 34 1002 1109 1.71501013593 -7.67176036708 80.737716774 4.53001975363 0.13197876129 2.61473513194
4.41266275868 0.0885868951234 2.60704770562 0.028508124873 1.32049000263 9.79698467255 0.131880277289 0.0381798011945 1.36780370036 -0.00307880899255 0.00535106470406 0.460535935503 9.3620595932 22.296 34 1003 1111 1.70328449049 -7.68760001673 81.63611876 4.55792220447 0.125891878319 2.61442904758
4.48313407515 0.0653396345844 2.63156446813 0.137781947851 1.32567560673 10.0368108749 0.132632030477 0.0290513890467 1.4063500701 -0.0128005931465 -0.00421674924374 0.48471280132 9.57760620117 22.316 35 1004 1112 1.70328449049 -7.68760001673 81.63611876 4.55792220447 0.125891878319 2.61442904758
4.48313407515 0.0653396345844 2.63156446813 0.128772348166 1.20559728146 9.77273750305 0.132632030477 0.0290513890467 1.4063500701 -0.00916095472258 -0.00582146041498 0.510218105656 9.31707572937 22.336 35 1005 1113 1.69382957631 -7.6768682769 82.5809470394 4.5858613752 0.119802139316 2.61430495305
4.48313407515 0.0653396345844 2.63156446813 0.234393149614 1.32673513889 9.5847530365 0.132632030477 0.0290513890467 1.4063500701 -0.00877730383855 -0.0160216503072 0.524364076001 9.31707572937 22.352 35 1006 1113 1.69382957631 -7.6768682769 82.5809470394 4.5858613752 0.119802139316 2.61430495305
4.48313407515 0.0653396345844 2.63156446813 0.174146085978 1.35697758198 9.44208049774 0.132632030477 0.0290513890467 1.4063500701 -0.015427090445 -0.0180696416873 0.536648772103 9.48270988464 22.376 35 1007 1115 1.72433093067 -7.62890599161 84.7033013243 4.64185571606 0.107632181436 2.6142469559
4.48313407515 0.0653396345844 2.63156446813 0.212934330106 1.31384754181 9.31198406219 0.132632030477 0.0290513890467 1.4063500701 -0.0128060451089 -0.0172137264389 0.54476704393 9.48270988464 22.396 35 1008 1115 1.72433093067 -7.62890599161 84.7033013243 4.64185571606 0.107632181436 2.6142469559
4.53654585483 0.0527247587921 2.61595932847 0.102243229747 1.338783741 9.27331447601 0.131427417285 0.0343007597529 1.43967469264 -0.00792898818236 -0.0156627111363 0.541933677536 9.68470478058 22.412 36 1009 1116 1.75455702153 -7.59702811832 85.8195391964 4.66984135274 0.101564113732 2.61367347363
4.53654585483 0.0527247587921 2.61595932847 0.275360524654 1.33281183243 9.27169513702 0.131427417285 0.0343007597529 1.43967469264 -0.00857607855779 -0.0179325659055 0.534116111142 9.56572151184 22.432 36 1010 1118 1.79083722762 -7.57981560625 86.9187593819 4.69778908002 0.0955050648635 2.61262053394
4.53654585483 0.0527247587921 2.61595932847 0.174783498049 1.36893212795 9.41440963745 0.131427417285 0.0343007597529 1.43967469264 -0.00191707767863 -0.0202494692284 0.529539010865 9.51102352142 22.456 36 1011 1119 1.79083722762 -7.57981560625 86.9187593819 4.69778908002 0.0955050648635 2.61262053394
4.53654585483 0.0527247587921 2.61595932847 0.247775107622 1.32179641724 9.47454071045 0.131427417285 0.0343007597529 1.43967469264 0.00850501355398 -0.0210994873422 0.505300007206 9.51556015015 22.476 36 1012 1120 1.79083722762 -7.57981560625 86.9187593819 4.69778908002 0.0955050648635 2.61262053394
4.53654585483 0.0527247587921 2.61595932847 0.197203084826 1.34414470196 9.58580684662 0.131427417285 0.0343007597529 1.43967469264 0.0239806098552 -0.0176082905608 0.498863122803 9.51556015015 22.492 36 1013 1120 1.83515140409 -7.59790087955 87.9714586497 4.72569630137 0.0894479236123 2.61126269305
4.63398774324 0.0319215954225 2.62380828191 0.3087644279 1.43775582314 10.0458402634 0.130728672995 0.0325204339917 1.50295584411 0.0238852796765 -0.0200588722008 0.506806454998 9.49222183228 22.516 37 1014 1122 1.87598719985 -7.64498293859 89.0089149195 4.75359660218 0.0833730972775 2.6100867226
4.63398774324 0.0319215954225 2.62380828191 0.336315572262 1.42818081379 10.097114563 0.130728672995 0.0325204339917 1.50295584411 0.0203830988767 -0.0172211304533 0.52583482061 9.62144184113 22.536 37 1015 1123 1.87598719985 -7.64498293859 89.0089149195 4.75359660218 0.0833730972775 2.6100867226
4.63398774324 0.0319215954225 2.62380828191 0.295746803284 1.30171120167 9.97078990936 0.130728672995 0.0325204339917 1.50295584411 0.00736215409506 -0.0173529796529 0.528609714848 9.4897403717 22.552 37 1016 1124 1.87598719985 -7.64498293859 89.0089149195 4.75359660218 0.0833730972775 2.6100867226
4.63398774324 0.0319215954225 2.62380828191 0.290350139141 1.37344932556 9.89241409302 0.130728672995 0.0325204339917 1.50295584411 0.00987903565783 -0.0127353854704 0.536208770615 9.4897403717 22.572 37 1017 1124 1.90990335942 -7.67819088679 90.0839013998 4.7815252828 0.0772632557315 2.60931329444
4.63398774324 0.0319215954225 2.62380828191 0.381402403116 1.38514971733 9.67228412628 0.130728672995 0.0325204339917 1.50295584411 0.00744889468569 -0.00833275357664 0.534692666871 9.47060585022 22.592 37 1018 1125 1.90990335942 -7.67819088679 90.0839013998 4.7815252828 0.0772632557315 2.60931329444
4.72689747091 0.0161681751557 2.61774461033 0.343618154526 1.39945423603 9.55365085602 0.133535456205 0.0354254657591 1.5618430331 0.00241779188308 0.00650936828524 0.525982282502 9.40831375122 22.612 38 1019 1127 1.92582527216 -7.69765524345 91.1805951746 4.80947499324 0.0711155147967 2.60869981521
4.72689747091 0.0161681751557 2.61774461033 0.290318995714 1.28948664665 9.43672466278 0.133535456205 0.0354254657591 1.5618430331 -0.00238925915529 0.00432317701697 0.522730551106 9.40831375122 22.636 38 1020 1127 1.92582527216 -7.69765524345 91.1805951746 4.80947499324 0.0711155147967 2.60869981521
4.72689747091 0.0161681751557 2.61774461033 0.412537008524 1.33132493496 9.48007678986 0.133535456205 0.0354254657591 1.5618430331 -0.0129747663004 -0.00628031000897 0.507874212605 9.38276195526 22.656 38 1021 1128 1.9193301011 -7.69933127111 92.266572503 4.83742614249 0.0649313055877 2.60794916779
4.72689747091 0.0161681751557 2.61774461033 0.375784367323 1.31630706787 9.49764060974 0.133535456205 0.0354254657591 1.5618430331 -0.00581632157174 -0.00298365859717 0.489085934502 9.54043483734 22.676 38 1022 1130 1.9193301011 -7.69933127111 92.266572503 4.83742614249 0.0649313055877 2.60794916779
4.72689747091 0.0161681751557 2.61774461033 0.363362759352 1.31795477867 9.45911312103 0.133535456205 0.0354254657591 1.5618430331 0.00370036043841 -0.00882748237282 0.474425188643 9.57747650146 22.692 38 1023 1131 1.92184112512 -7.68232321729 93.3110838582 4.86536821591 0.0587179221909 2.60689604979
4.80408091475 -0.00299393820791 2.61388735678 0.391813278198 1.28612136841 9.56733608246 0.135565794582 0.0359884039203 1.61255826159 0.00287103561367 -0.00699049795449 0.454084954602 9.47149848938 22.712 39 1024 1132 1.92184112512 -7.68232321729 93.3110838582 4.86536821591 0.0587179221909 2.60689604979
4.80408091475 -0.00299393820791 2.61388735678 0.366299957037 1.3834373951 9.61805534363 0.135565794582 0.0359884039203 1.61255826159 0.00946706791091 -0.00665247070074 0.436477951151 9.47149848938 22.728 39 1025 1132 1.93418877356 -7.68272599824 94.2953520373 4.89329531885 0.0524814217504 2.60557362758
4.80408091475 -0.00299393820791 2.61388735678 0.473342686892 1.27027547359 9.76035690308 0.135565794582 0.0359884039203 1.61255826159 0.0115262342306 -0.00922919346422 0.408873520237 9.56105804443 22.752 39 1026 1134 1.93418877356 -7.68272599824 94.2953520373 4.89329531885 0.0524814217504 2.60557362758
4.80408091475 -0.00299393820791 2.61388735678 0.461954712868 1.32883000374 9.82534217834 0.135565794582 0.0359884039203 1.61255826159 0.00738854498285 -0.0079941740486 0.392479828936 9.483335495 22.776 39 1027 1135 1.96686296326 -7.7230431342 96.0495563119 4.94913446924 0.0399191510421 2.60280566867
4.80408091475 -0.00299393820791 2.61388735678 0.486174941063 1.31431150436 9.85922908783 0.135565794582 0.0359884039203 1.61255826159 0.0106543412121 -0.00554401290074 0.374376825434 9.483335495 22.792 39 1028 1135 1.96686296326 -7.7230431342 96.0495563119 4.94913446924 0.0399191510421 2.60280566867
4.88106748625 -0.0222531155223 2.61585098142 0.487732023001 1.38396334648 9.86551189423 0.138222617049 0.0348801059229 1.65552241499 0.00308430592212 0.00405524715379 0.349934152705 9.28129673004 22.812 40 1029 1137 1.98101139612 -7.74001104704 96.8181999056 4.97707170908 0.0335833006579 2.60162652296
4.88106748625 -0.0222531155223 2.61585098142 0.511597812176 1.2580280304 9.85406017303 0.138222617049 0.0348801059229 1.65552241499 -0.00109159246404 0.0031808095292 0.336523971898 9.45082759857 22.836 40 1030 1138 1.98061583364 -7.74440060448 97.5195068088 5.00503105046 0.02720427259 2.60062430531
4.88106748625 -0.0222531155223 2.61585098142 0.532330930233 1.30243468285 9.84959983826 0.138222617049 0.0348801059229 1.65552241499 -0.00308627843243 -0.00650597878203 0.318531862837 9.54339694977 22.852 40 1031 1139 1.98061583364 -7.74440060448 97.5195068088 5.00503105046 0.02720427259 2.60062430531
4.88106748625 -0.0222531155223 2.61585098142 0.531551599503 1.31956756115 9.82238006592 0.138222617049 0.0348801059229 1.65552241499 -0.00116656940282 -0.00399076288968 0.307528279168 9.4757900238 22.872 40 1032 1140 1.98061583364 -7.74440060448 97.5195068088 5.00503105046 0.02720427259 2.60062430531
4.88106748625 -0.0222531155223 2.61585098142 0.524467766285 1.28161215782 9.79418754578 0.138222617049 0.0348801059229 1.65552241499 -0.00210207163673 -0.00434222354025 0.294382534367 9.78523826599 22.892 40 1033 1141 1.98919838496 -7.74050305927 98.1563363065 5.03301250365 0.0207852799842 2.59974312596
4.93763985869 -0.0352753517396 2.60587123312 0.494793355465 1.26353514194 9.65030574799 0.140657249704 0.0373897633121 1.68098055277 0.000329574847449 -0.00746311389312 0.272351763588 9.47771167755 22.912 41 1034 1142 1.98919838496 -7.74050305927 98.1563363065 5.06100787435 0.0143290707601 2.59888200465
4.93763985869 -0.0352753517396 2.60587123312 0.596728861332 1.27022373676 9.62064647675 0.140657249704 0.0373897633121 1.68098055277 -0.00410482216012 -0.00981724078238 0.256364724976 9.57537269592 22.936 41 1035 1143 2.00060730616 -7.73575060606 98.7330214154 5.06100787435 0.0143290707601 2.59888200465
4.93763985869 -0.0352753517396 2.60587123312 0.487674534321 1.37850868702 9.63231945038 0.140657249704 0.0373897633121 1.68098055277 -0.0112263171313 -0.00904231707037 0.243768296582 9.46792697906 22.952 41 1036 1144 2.02523611642 -7.72521842307 99.2518383188 5.08901149989 0.00783740303276 2.59797480142
4.93763985869 -0.0352753517396 2.60587123312 0.6162545681 1.18733370304 9.70952987671 0.140657249704 0.0373897633121 1.68098055277 -0.0123328075124 -0.0162787176895 0.233903876883 9.66321849823 22.972 41 1037 1145 2.02523611642 -7.72521842307 99.2518383188 5.08901149989 0.00783740303276 2.59797480142
4.93763985869 -0.0352753517396 2.60587123312 0.569354057312 1.25386822224 9.67357063293 0.140657249704 0.0373897633121 1.68098055277 -0.00650039243829 -0.0149415014538 0.219195849639 9.66321849823 22.992 41 1038 1145 2.02523611642 -7.72521842307 99.2518383188 5.08901149989 0.00783740303276 2.59797480142
5.03313699723 -0.0636113880387 2.61072521208 0.564168453217 1.20553398132 9.78958034515 0.14193597554 0.0358746771988 1.71388497139 0.00540048141647 -0.000297663726909 0.204379163128 9.49212360382 23.012 42 1039 1147 2.05098922708 -7.71051604713 99.7195391888 5.11702204745 0.00130762848734 2.59703196087
5.03313699723 -0.0636113880387 2.61072521208 0.542216300964 1.31499266624 9.80250358582 0.14193597554 0.0358746771988 1.71388497139 0.00484750444684 0.00783146589592 0.19373940621 9.58931159973 23.02 42 1040 1148 2.05098922708 -7.71051604713 99.7195391888 5.11702204745 0.00130762848734 2.59703196087
5.03313699723 -0.0636113880387 2.61072521208 0.542216300964 1.31499266624 9.80250358582 0.14193597554 0.0358746771988 1.71388497139 0.00484750444684 0.00783146589592 0.19373940621 9.58931159973 23.02 42 1040 1148 2.05796476453 -7.71889556295 100.52044333 5.17306264084 -0.0118917696285 2.5953186673
5.03313699723 -0.0636113880387 2.61072521208 0.538920819759 1.23654282093 9.81562423706 0.14193597554 0.0358746771988 1.71388497139 -0.00682122468334 -0.00175244898938 0.177574179512 9.6303024292 23.076 42 1042 1149 2.05796476453 -7.71889556295 100.52044333 5.17306264084 -0.0118917696285 2.5953186673
5.03313699723 -0.0636113880387 2.61072521208 0.574418783188 1.2470549345 9.83410263062 0.14193597554 0.0358746771988 1.71388497139 -0.0107432196228 -0.00366064628989 0.15789224897 9.67436218262 23.092 42 1043 1151 2.06775261791 -7.70319670203 100.860170125 5.20110120739 -0.0185611978876 2.59461428268
5.11095017979 -0.0869206882062 2.60820851426 0.621116995811 1.25223970413 9.73902606964 0.143392586621 0.0362264974604 1.73270576716 -0.00599952343237 -0.000468285660558 0.145495406729 9.32367992401 23.116 43 1044 1152 2.06775261791 -7.70319670203 100.860170125 5.20110120739 -0.0185611978876 2.59461428268
5.11095017979 -0.0869206882062 2.60820851426 0.516050338745 1.29457867146 9.69889354706 0.143392586621 0.0362264974604 1.73270576716 -0.00472300009188 0.000919280900322 0.142518557054 9.40341949463 23.136 43 1045 1153 2.07259310936 -7.69050414529 101.165257045 5.22914999783 -0.0252759110907 2.59400297777
5.11095017979 -0.0869206882062 2.60820851426 0.526296019554 1.15187108517 9.73803710938 0.143392586621 0.0362264974604 1.73270576716 -0.004517514476 -0.0123176211718 0.135726533276 9.57316493988 23.156 43 1046 1154 2.07259310936 -7.69050414529 101.165257045 5.22914999783 -0.0252759110907 2.59400297777
5.11095017979 -0.0869206882062 2.60820851426 0.579340457916 1.22682738304 9.69668102264 0.143392586621 0.0362264974604 1.73270576716 -0.00789204261583 -0.0170509554672 0.122163041872 9.57316493988 23.176 43 1047 1154 2.09473264943 -7.68325129525 101.437579526 5.25720060701 -0.0320319031292 2.59341902118
5.11095017979 -0.0869206882062 2.60820851426 0.636523127556 1.33495426178 9.62886333466 0.143392586621 0.0362264974604 1.73270576716 -0.0338432418494 -0.00726310678229 0.115591495675 9.590259552 23.196 43 1048 1155 2.09473264943 -7.68325129525 101.437579526 5.25720060701 -0.0320319031292 2.59341902118
5.16607841113 -0.0982306548636 2.60522014528 0.588837981224 1.21346354485 9.63424968719 0.144187532035 0.0367368479532 1.74359699912 -0.0579529183297 0.00775215260282 0.112649611575 9.43079280853 23.212 44 1049 1157 2.11929543228 -7.63278515597 101.681975762 5.28525046155 -0.0388285078168 2.59280273037
5.16607841113 -0.0982306548636 2.60522014528 0.549372553825 1.24853515625 9.6377325058 0.144187532035 0.0367368479532 1.74359699912 -0.100995000669 0.036484094314 0.109341985923 9.55163669586 23.236 44 1050 1158 2.11929543228 -7.63278515597 101.681975762 5.28525046155 -0.0388285078168 2.59280273037
5.16607841113 -0.0982306548636 2.60522014528 0.560618042946 1.19529879093 9.60569190979 0.144187532035 0.0367368479532 1.74359699912 -0.150182116994 0.0624841768068 0.0990839371504 9.55163669586 23.252 44 1051 1158 2.09327816141 -7.43489584318 101.906368413 5.31330426249 -0.0456754638817 2.5921005804
5.16607841113 -0.0982306548636 2.60522014528 0.626559376717 1.18507921696 9.69291782379 0.144187532035 0.0367368479532 1.74359699912 -0.168502334723 0.068545630179 0.0915914842905 9.44173717499 23.276 44 1052 1159 2.09327816141 -7.43489584318 101.906368413 5.31330426249 -0.0456754638817 2.5921005804
5.16607841113 -0.0982306548636 2.60522014528 0.646377921104 1.18538427353 9.68473243713 0.144187532035 0.0367368479532 1.74359699912 -0.174231354365 0.0682350452763 0.0851634660782 9.44919013977 23.296 44 1053 1161 2.03226206634 -7.09327347675 102.110347583 5.34134445521 -0.0525718718911 2.59129056544
5.26858092988 -0.122069373614 2.60575313958 0.575226545334 1.1443362236 9.68301486969 0.134531692643 0.0349977855473 1.75940215799 -0.186335269579 0.0807632189018 0.0816498393239 9.44919013977 23.316 45 1054 1161 2.03226206634 -7.09327347675 102.110347583 5.34134445521 -0.0525718718911 2.59129056544
5.26858092988 -0.122069373614 2.60575313958 0.554889082909 1.13619124889 9.69560623169 0.134531692643 0.0349977855473 1.75940215799 -0.193735692867 0.0865330304724 0.0744748109998 9.39022827148 23.336 45 1055 1163 1.96100398135 -6.69971198067 102.29187941 5.36931343054 -0.0595037297666 2.59040055652
5.26858092988 -0.122069373614 2.60575313958 0.527176856995 1.17297244072 9.70957756042 0.134531692643 0.0349977855473 1.75940215799 -0.194946233401 0.0939409490448 0.0654296422424 9.39022827148 23.356 45 1056 1163 1.96100398135 -6.69971198067 102.29187941 5.36931343054 -0.0595037297666 2.59040055652
5.26858092988 -0.122069373614 2.60575313958 0.511151075363 1.16994440556 9.75114059448 0.134531692643 0.0349977855473 1.75940215799 -0.198716882834 0.103605968855 0.0624551395001 9.28409290314 23.376 45 1057 1164 1.8641401742 -6.27221304792 102.453646671 5.39713682804 -0.0664575189612 2.58946663781
5.26858092988 -0.122069373614 2.60575313958 0.573713600636 1.16749739647 9.6654586792 0.134531692643 0.0349977855473 1.75940215799 -0.194835249552 0.101960262261 0.0578864360274 9.46980857849 23.396 45 1058 1165 1.75096034733 -5.83383643968 102.595750205 5.42473530186 -0.073415117915 2.58853064623
5.34320258916 -0.14587877977 2.59864755014 0.517226040363 1.18690228462 9.77847385406 0.1142566667 0.0314253272081 1.76722989872 -0.190231044063 0.107158502541 0.0526745164813 9.57634449005 23.416 46 1059 1166 1.75096034733 -5.83383643968 102.595750205 5.42473530186 -0.073415117915 2.58853064623
5.34320258916 -0.14587877977 2.59864755014 0.578651607037 1.132371068 9.73041343689 0.1142566667 0.0314253272081 1.76722989872 -0.182731423744 0.102331159614 0.0523338647606 9.50101566315 23.436 46 1060 1168 1.62887490201 -5.39825430152 102.720545516 5.45202792306 -0.0803538867694 2.58760084885
5.34320258916 -0.14587877977 2.59864755014 0.639059901237 1.05181396008 9.7037858963 0.1142566667 0.0314253272081 1.76722989872 -0.172196019658 0.0964354630333 0.0420718634547 9.50177383423 23.452 46 1061 1169 1.50813724241 -4.99122350281 102.829790856 5.47893407077 -0.0872486211792 2.58666857722
5.34320258916 -0.14587877977 2.59864755014 0.532879412174 1.13317430019 9.73421192169 0.1142566667 0.0314253272081 1.76722989872 -0.157251838812 0.0970117952448 0.0428396793129 9.35078716278 23.476 46 1062 1170 1.50813724241 -4.99122350281 102.829790856 5.47893407077 -0.0872486211792 2.58666857722
5.34320258916 -0.14587877977 2.59864755014 0.55568665266 1.09321856499 9.67504787445 0.1142566667 0.0314253272081 1.76722989872 -0.147305492529 0.0908952858073 0.0403323130728 9.35078716278 23.492 46 1063 1170 1.39279760382 -4.63589179282 102.924468528 5.50538054042 -0.0940750998989 2.58574752565
5.40119222855 -0.162780505354 2.60135489061 0.562037944794 1.14985060692 9.79587650299 0.0956356217466 0.0253569099944 1.77200242609 -0.143150795469 0.0751227047068 0.0351495215716 9.45056533813 23.512 47 1064 1172 1.31603658183 -4.31805269894 103.004764613 5.53131107118 -0.100808588628 2.58486366958
5.40119222855 -0.162780505354 2.60135489061 0.554320812225 1.06951570511 9.76732158661 0.0956356217466 0.0253569099944 1.77200242609 -0.134875092873 0.0513557400328 0.0311095932545 9.3975687027 23.532 47 1065 1173 1.31603658183 -4.31805269894 103.004764613 5.53131107118 -0.100808588628 2.58486366958
5.40119222855 -0.162780505354 2.60135489061 0.528536677361 1.03221726418 9.74922084808 0.0956356217466 0.0253569099944 1.77200242609 -0.121939946183 0.0475578214747 0.0389989832462 9.45940876007 23.556 47 1066 1174 1.27317726631 -4.04150498876 103.07277149 5.55668055468 -0.107430568817 2.58401902295
5.40119222855 -0.162780505354 2.60135489061 0.655833482742 1.06201684475 9.75739860535 0.0956356217466 0.0253569099944 1.77200242609 -0.117671679923 0.0464054066461 0.0277171259792 9.45940876007 23.572 47 1067 1174 1.27317726631 -4.04150498876 103.07277149 5.55668055468 -0.107430568817 2.58401902295
5.40119222855 -0.162780505354 2.60135489061 0.569473206997 1.05334305763 9.78900718689 0.0956356217466 0.0253569099944 1.77200242609 -0.0993325228183 0.0539270508808 0.0250211371155 9.38428783417 23.592 47 1068 1176 1.27317726631 -4.04150498876 103.07277149 5.55668055468 -0.107430568817 2.58401902295
5.40119222855 -0.162780505354 2.60135489061 0.548671841621 1.0358620882 9.73993206024 0.0956356217466 0.0253569099944 1.77200242609 -0.0898867884962 0.0457021798712 0.0291872279765 9.37267208099 23.612 47 1069 1177 1.22046363796 -3.80575705282 103.131505418 5.58145513068 -0.113939269902 2.58320190657
5.49146811407 -0.181111034984 2.59222396788 0.572974145412 1.00493586063 9.67929649353 0.0768350126602 0.022155423196 1.7790189836 -0.0760067591755 0.0323031637591 0.0221515310975 9.44099235535 23.632 48 1070 1178 1.18342739883 -3.6165722974 103.179954669 5.60561139872 -0.120329905351 2.58238980526
5.49146811407 -0.181111034984 2.59222396788 0.561858892441 1.05661547184 9.67408084869 0.0768350126602 0.022155423196 1.7790189836 -0.0684602449028 0.0184510685277 0.0168040556879 9.47166633606 23.656 48 1071 1179 1.18342739883 -3.6165722974 103.179954669 5.60561139872 -0.120329905351 2.58238980526
5.49146811407 -0.181111034984 2.59222396788 0.573599755764 0.981586277485 9.70970153809 0.0768350126602 0.022155423196 1.7790189836 -0.0694683606116 0.0241113304865 0.0198141088756 9.48840618134 23.676 48 1072 1180 1.17464210575 -3.46080116892 103.219242408 5.62913852772 -0.126595932461 2.58157219607
5.49146811407 -0.181111034984 2.59222396788 0.549313187599 0.989431619644 9.77372550964 0.0768350126602 0.022155423196 1.7790189836 -0.0677693153111 0.026142816968 0.019169622478 9.55005741119 23.692 48 1073 1181 1.17464210575 -3.46080116892 103.219242408 5.62913852772 -0.126595932461 2.58157219607
5.53728375943 -0.204829236264 2.59301013027 0.579804301262 0.957273185253 9.77630901337 0.0683957464534 0.0200227548661 1.77863730033 -0.0584611857621 0.0267804786336 0.011576482472 9.48289108276 23.712 49 1074 1182 1.1524969412 -3.31632700078 103.25264098 5.65203732812 -0.132743926791 2.58077406027
5.53728375943 -0.204829236264 2.59301013027 0.527010977268 0.975096583366 9.86699676514 0.0683957464534 0.0200227548661 1.77863730033 -0.046481970915 0.0304327420664 0.0130447320686 9.40668869019 23.736 49 1075 1183 1.1524969412 -3.31632700078 103.25264098 5.65203732812 -0.132743926791 2.58077406027
5.53728375943 -0.204829236264 2.59301013027 0.533784806728 0.98897087574 9.72290897369 0.0683957464534 0.0200227548661 1.77863730033 -0.0439305419413 0.0244082156342 0.00992776491211 9.40668869019 23.748 49 1076 1183 1.11913911305 -3.20592801287 103.280267276 5.6743101269 -0.138779298939 2.58002687981
5.53728375943 -0.204829236264 2.59301013027 0.546735048294 0.911510229111 9.76442813873 0.0683957464534 0.0200227548661 1.77863730033 -0.0506732801287 0.0294225737226 0.00832811221943 9.47958946228 23.776 49 1077 1185 1.11913911305 -3.20592801287 103.280267276 5.6743101269 -0.138779298939 2.58002687981
5.53728375943 -0.204829236264 2.59301013027 0.420476853848 0.941292464733 9.72628688812 0.0683957464534 0.0200227548661 1.77863730033 -0.0581634903638 0.0309611446929 0.0122703420045 9.39797496796 23.792 49 1078 1186 1.08508874198 -3.09568708382 103.30315757 5.69596771891 -0.144702434361 2.57933526508
5.61807083545 -0.231692299678 2.58899339262 0.495067596436 0.966608285904 9.76193618774 0.0601416929341 0.018356409833 1.78005672973 -0.0527878070561 0.0318625550491 0.0126774584921 9.53005599976 23.812 50 1079 1187 1.08508874198 -3.09568708382 103.30315757 5.69596771891 -0.144702434361 2.57933526508
5.61807083545 -0.231692299678 2.58899339262 0.545830309391 0.864978432655 9.77117347717 0.0601416929341 0.018356409833 1.78005672973 -0.0445278922407 0.0335558671278 0.00433378564657 9.53005599976 23.84 50 1080 1187 1.04150283474 -2.96752318108 103.322556713 5.71702650318 -0.150513281708 2.57868243607
5.61807083545 -0.231692299678 2.58899339262 0.40904584527 0.864245355129 9.7610168457 0.0601416929341 0.018356409833 1.78005672973 -0.0342546070306 0.034493165068 0.00713371523188 9.36658191681 23.852 50 1081 1189 1.04150283474 -2.96752318108 103.322556713 5.71702650318 -0.150513281708 2.57868243607
5.61807083545 -0.231692299678 2.58899339262 0.431842923164 0.788756251335 9.86052417755 0.0601416929341 0.018356409833 1.78005672973 -0.0326804371862 0.0425219926757 0.00583099565 9.36658191681 23.876 50 1082 1189 0.982770877449 -2.86460191421 103.337847217 5.73749290691 -0.156211990686 2.57805579493
5.61807083545 -0.231692299678 2.58899339262 0.541059017181 0.942068636417 9.72855472565 0.0601416929341 0.018356409833 1.78005672973 -0.0386621544449 0.0360024254543 0.00494803665669 9.45176792145 23.896 50 1083 1190 0.982770877449 -2.86460191421 103.337847217 5.73749290691 -0.156211990686 2.57805579493
5.65339802106 -0.239352998119 2.58989058887 0.466636478901 0.892331779003 9.7492313385 0.0559424152528 0.0164255121591 1.78119595644 -0.0354565272419 0.0295460540575 0.00358641325028 9.49568939209 23.912 51 1084 1192 0.917584555285 -2.77521184912 103.349605637 5.75737605058 -0.161794318718 2.57743699134
5.65339802106 -0.239352998119 2.58989058887 0.46849912405 0.900271594524 9.77482128143 0.0559424152528 0.0164255121591 1.78119595644 -0.0367405454008 0.0303056873155 0.00723711159543 9.39881801605 23.932 51 1085 1193 0.917584555285 -2.77521184912 103.349605637 5.75737605058 -0.161794318718 2.57743699134
5.65339802106 -0.239352998119 2.58989058887 0.408510088921 0.782826781273 9.67537307739 0.0559424152528 0.0164255121591 1.78119595644 -0.0318862537233 0.0235149897408 0.00357188927473 9.51104640961 23.956 51 1086 1194 0.874928647626 -2.68133304587 103.358216486 5.7766917206 -0.167250157537 2.57681033896
5.65339802106 -0.239352998119 2.58989058887 0.390177875757 0.835659146309 9.66897296906 0.0559424152528 0.0164255121591 1.78119595644 -0.0255027825324 0.0168038792682 0.00263201995284 9.53934574127 23.976 51 1087 1195 0.874928647626 -2.68133304587 103.358216486 5.7766917206 -0.167250157537 2.57681033896
5.65339802106 -0.239352998119 2.58989058887 0.430440545082 0.81550526619 9.85503768921 0.0559424152528 0.0164255121591 1.78119595644 -0.0167790020196 0.0162193849456 -1.16154272374e-05 9.51145172119 23.992 51 1088 1196 0.824422881092 -2.54516826862 103.367675817 5.81367022185 -0.177767623646 2.57545167691
5.72578265764 -0.263083406722 2.58952034196 0.374771177769 0.856152772903 9.83920097351 0.0492128473473 0.0130907600572 1.78197260589 -0.0302568974285 0.0209488942993 2.85130506117e-05 9.36387348175 24.016 52 1089 1197 0.824422881092 -2.54516826862 103.367675817 5.81367022185 -0.177767623646 2.57545167691
5.72578265764 -0.263083406722 2.58952034196 0.482773631811 0.736482620239 9.73762607574 0.0492128473473 0.0130907600572 1.78197260589 -0.0380476566343 0.0279631372315 -0.00485889832026 9.52119541168 24.032 52 1090 1198 0.79487606508 -2.47990438584 103.36931573 5.83136464679 -0.182833846009 2.57476593305
5.72578265764 -0.263083406722 2.58952034196 0.324947595596 0.742564558983 9.77384662628 0.0492128473473 0.0130907600572 1.78197260589 -0.028035000184 0.0281835254055 -0.00199669541444 9.63248252869 24.052 52 1091 1199 0.757153762454 -2.41289152051 103.369752944 5.84855501411 -0.187776308905 2.57411798769
5.72578265764 -0.263083406722 2.58952034196 0.428728282452 0.736945569515 9.78372859955 0.0492128473473 0.0130907600572 1.78197260589 -0.0223817436336 0.0197444148135 -0.00153822303519 9.63248252869 24.076 52 1092 1199 0.757153762454 -2.41289152051 103.369752944 5.84855501411 -0.187776308905 2.57411798769
