2.28570065284 0.5844523142 2.53470378836 0 0 7.25360000915 1.76160403334 87.1118434067 0.0 0.0 0.0 0.0 0.0 0 0.0 0.0 0.0 19.416 1.6029037675 -7.33223814176 88.2584756384 2.36026514804 0.592590705464 2.53054004921
2.28887463645 0.583504653626 9.27783289328 1.08719540502 -0.32460540096 7.25405565306 1.7616888581 87.1117776332 0.127979317827 0.68745257181 -0.0992357368645 9.62509536743 9.62509536743 -5.87929044677 2.28570065284 0.5844523142 2.53470378836 19.436 1.63073570761 -7.32733760512 88.2493196286 2.38726898954 0.587018133561 2.53563852349
2.3027975825 0.580149725194 6.55248273926 1.14595110681 -0.288388426045 7.26524573327 1.75735841887 87.1107530047 -0.272504985138 0.538711787996 -0.0526304745706 9.62509536743 3.74580492066 -5.87929044677 2.28570065284 0.5844523142 2.53470378836 19.452 1.64756799653 -7.34524450643 88.2411591891 2.4142797566 0.581421695509 2.54052981676
2.31442050928 0.577610502296 5.55992141023 1.17157147477 -0.278940146407 7.2735295423 1.75272072937 87.1072665778 -0.283322901875 0.525634898026 -0.125169628038 9.48784542084 3.60855497407 -5.87929044677 2.28570065284 0.5844523142 2.53470378836 19.472 1.64756799653 -7.34524450643 88.2411591891 2.4142797566 0.581421695509 2.54052981676
2.32899924922 0.574311382879 5.07343296105 1.18609393608 -0.27759477306 7.28588667053 1.75055574004 87.1028232604 -0.169531599617 0.585575494499 -0.159773149126 9.59060382843 3.71131338166 -5.87929044677 2.28570065284 0.5844523142 2.53470378836 19.496 1.6746827663 -7.3499407212 88.2330085688 2.4412991367 0.575801419004 2.54520208563
2.34680739282 0.570964337 4.79435050066 1.20093495372 -0.264344479459 7.30462188855 1.74710981708 87.1008461624 -0.150980623788 0.72500984244 -0.13632353126 9.70178604126 3.82249559449 -5.87929044677 2.28570065284 0.5844523142 2.53470378836 19.512 1.6746827663 -7.3499407212 88.2330085688 2.4412991367 0.575801419004 2.54520208563
2.34147801742 0.572493504211 3.28869247148 1.20490789633 -0.256819517392 7.29882214343 1.76231823427 87.0800312074 -0.0381220778221 0.566919960479 -0.0912642233973 9.70178604126 3.82249559449 -6.46602882049 2.34060333044 0.572680687209 2.54805866074 19.532 1.68278438934 -7.34728071037 88.2281823992 2.46832772052 0.570152345442 2.54964913363
2.35614787935 0.569254564286 3.27082471337 1.21928723249 -0.267527704126 7.30188958339 1.76366309504 87.0788645754 0.0428248413809 0.249211077598 -0.0825152493016 9.55523967743 3.08921085694 -6.46602882049 2.34060333044 0.572680687209 2.54805866074 19.556 1.68278438934 -7.34728071037 88.2281823992 2.46832772052 0.570152345442 2.54964913363
2.37375483026 0.565137368748 3.2523022667 1.2210237502 -0.276870917307 7.29638501944 1.76493713101 87.0763801594 0.0510680579964 -0.135286251701 -0.0876811562147 9.55523967743 3.08921085694 -6.46602882049 2.34060333044 0.572680687209 2.54805866074 19.572 1.66267753862 -7.34415753612 88.2255030725 2.49536536447 0.564468464171 2.55390327933
2.38567198371 0.562595422695 3.24320088174 1.22643395654 -0.273657491908 7.28918160462 1.76931075395 87.074890628 0.161833386982 -0.292216620251 -0.0884539400037 9.63209152222 3.16606270173 -6.46602882049 2.34060333044 0.572680687209 2.54805866074 19.592 1.65191075703 -7.34770371591 88.2215364715 2.52241107053 0.558755948622 2.55800174736
2.40046413351 0.559193033767 3.23459731551 1.22804923371 -0.276211572969 7.28710919282 1.76545595217 87.0723823722 -0.0525138273124 -0.178206304967 -0.0941508653705 9.63209152222 3.16606270172 -6.46602882049 2.34060333044 0.572680687209 2.54805866074 19.616 1.65191075703 -7.34770371591 88.2215364715 2.52241107053 0.558755948622 2.55800174736
2.43148287319 0.550211621661 2.90443266201 1.22423292324 -0.290640437596 7.27108126077 1.79119756202 87.1327808394 -0.166534755043 -0.181974704449 -0.11425955501 9.7159614563 3.24993263581 -6.69240489613 2.44441181158 0.546175021663 2.55813591741 19.636 1.64726950226 -7.35395183495 88.2177088359 2.5494637871 0.553021607235 2.56195899523
2.44645467658 0.54657149038 2.89177492119 1.23157243959 -0.294622099755 7.26663028306 1.78958476614 87.1305040835 -0.106600789281 -0.210285696459 -0.114191261136 9.44547843933 2.7530735432 -6.69240489613 2.44441181158 0.546175021663 2.55813591741 19.656 1.64726950226 -7.35395183495 88.2177088359 2.5494637871 0.553021607235 2.56195899523
2.46131098365 0.543001496457 2.91009026253 1.23319814977 -0.295346987385 7.26514161209 1.78999382889 87.1288894578 -0.0257012988198 -0.123784084012 -0.109421301081 9.77923774719 3.08683285106 -6.69240489613 2.44441181158 0.546175021663 2.55813591741 19.672 1.64046278136 -7.35863799464 88.2151196039 2.57652381202 0.547267135806 2.56577324753
2.47321212148 0.540127080336 2.92759050766 1.23435834358 -0.296073275423 7.26280310111 1.78599035277 87.1265881994 -0.135084348167 -0.134684025393 -0.113012461074 9.77923774719 3.08683285106 -6.69240489613 2.44441181158 0.546175021663 2.55813591741 19.696 1.64046278136 -7.35863799464 88.2151196039 2.57652381202 0.547267135806 2.56577324753
2.49083449721 0.535974568828 2.93958878707 1.23201348946 -0.294366101607 7.25960503658 1.77720878438 87.120952849 -0.300853578903 -0.133656049603 -0.130012824329 9.72952842712 3.03712353099 -6.69240489613 2.44441181158 0.546175021663 2.55813591741 19.712 1.64339113639 -7.36952588808 88.211992338 2.60358792645 0.541497182024 2.56941502601
2.50924568535 0.530929153638 2.76119318434 1.23280371693 -0.296117373011 7.26646072736 1.77016393113 87.1630562747 -0.240273856147 -0.0499167818472 -0.119231221893 9.64404201508 2.95163711895 -6.79070524561 2.51985826783 0.527507809475 2.57346153711 19.732 1.64339113639 -7.36952588808 88.211992338 2.60358792645 0.541497182024 2.56941502601
2.52403932995 0.527375745162 2.76119318434 1.23280371693 -0.296117373011 7.26546239172 1.765358454 87.1606716503 -0.240273856147 -0.0499167818472 -0.119231221893 9.64404201508 2.85333676947 -6.79070524561 2.51985826783 0.527507809475 2.57346153711 19.752 1.65381026846 -7.37043213101 88.2088542529 2.63065472959 0.535714735812 2.57283886198
2.53903907605 0.523766074949 2.76655070916 1.23601883774 -0.296995039031 7.27013394908 1.75850165063 87.1572755689 -0.289017194745 0.0848104531716 -0.124974067478 9.62110233307 2.83039708746 -6.79070524561 2.51985826783 0.527507809475 2.57346153711 19.772 1.65381026846 -7.37043213101 88.2088542529 2.63065472959 0.535714735812 2.57283886198
2.55373742113 0.519800291839 2.77329240898 1.23413222959 -0.302657677767 7.26380893382 1.75260348799 87.1525633449 -0.291990150755 -0.117591536812 -0.136593241952 9.6332025528 2.84249730719 -6.79070524561 2.51985826783 0.527507809475 2.57346153711 19.796 1.6418484142 -7.37896634029 88.2075530398 2.65772187144 0.529916636734 2.57603316617
2.57204905427 0.515228173339 2.77329240898 1.24091664288 -0.305343763354 7.25181788732 1.75186056176 87.1492131186 -0.127172555258 -0.358808930691 -0.136941433032 9.6332025528 2.84249730719 -6.79070524561 2.51985826783 0.527507809475 2.57346153711 19.812 1.6418484142 -7.37896634029 88.2075530398 2.65772187144 0.529916636734 2.57603316617
2.58147626361 0.512782451515 2.68234475456 1.23718848404 -0.307970616526 7.24729097477 1.76212541349 87.1894547126 -0.153016369849 -0.490592689967 -0.127554119368 9.65831851959 2.86761327398 -6.85413918439 2.57670435321 0.514272126098 2.57757540772 19.832 1.61737602563 -7.38603403027 88.2075899814 2.68478998217 0.524102274146 2.57901401847
2.59632252542 0.509086804116 2.68234475456 1.23718848404 -0.307970616526 7.23747912098 1.75906508609 87.1869036302 -0.153016369849 -0.490592689967 -0.127554119368 9.57710933685 2.72297015246 -6.85413918439 2.57670435321 0.514272126098 2.57757540772 19.852 1.61737602563 -7.38603403027 88.2075899814 2.68478998217 0.524102274146 2.57901401847
2.61078586164 0.50524033655 2.68718442497 1.23217819087 -0.309943984961 7.24460810741 1.7487492524 87.1859556772 -0.315134489204 -0.112064018592 -0.119852263608 9.5985660553 2.74442687091 -6.85413918439 2.57670435321 0.514272126098 2.57757540772 19.876 1.63397896267 -7.43882991487 88.2017581619 2.73893115652 0.512458143593 2.58441343387
2.62874511968 0.501024118749 2.68829585718 1.23473567881 -0.307018277557 7.25125426531 1.72911733192 87.1865929198 -0.60968837215 0.115787090185 -0.104097385766 9.55333614349 2.6991969591 -6.85413918439 2.57670435321 0.514272126098 2.57757540772 19.896 1.63397896267 -7.43882991487 88.2017581619 2.73893115652 0.512458143593 2.58441343387
2.64396100057 0.497671519383 2.6963880378 1.23926876244 -0.30325120404 7.26258488754 1.71252270735 87.1819788153 -0.720605234152 0.34299334091 -0.114878964392 9.62244319916 2.76830401477 -6.85413918439 2.57670435321 0.514272126098 2.57757540772 19.912 1.63397896267 -7.43882991487 88.2017581619 2.73893115652 0.512458143593 2.58441343387
2.66034862471 0.494168323636 2.65484057254 1.2371923913 -0.303702232951 7.27958988833 1.71356530061 87.1970301471 -0.724357262903 0.218226201958 -0.10821282429 9.68880081177 2.83466162738 -6.90127620096 2.67214525292 0.492768345264 2.59005830453 19.932 1.63299578851 -7.45016409067 88.1990147373 2.76601515287 0.506627419045 2.58687513839
2.6751949334 0.490523896841 2.66147760824 1.2371923913 -0.303702232951 7.28395441236 1.69907815536 87.1948658906 -0.724357262903 0.218226201958 -0.10821282429 9.66952133179 2.76824513083 -6.90127620096 2.67214525292 0.492768345264 2.59005830453 19.952 1.63299578851 -7.45016409067 88.1990147373 2.76601515287 0.506627419045 2.58687513839
2.69067363892 0.487271831203 2.66492426657 1.24520621435 -0.298730176222 7.27494432369 1.69142029409 87.1892161091 -0.548104324493 -0.126951241797 -0.123573433329 9.60118293762 2.69990673667 -6.90127620096 2.67214525292 0.492768345264 2.59005830453 19.972 1.61188130837 -7.45415317475 88.1977612013 2.79311429647 0.50078589024 2.58918887744
2.70585087795 0.483806956548 2.66522929449 1.24798176122 -0.297312784175 7.26757128729 1.68308895308 87.1883075585 -0.482327502783 -0.247816570102 -0.117014503884 9.56928634644 2.66801014548 -6.90127620096 2.67214525292 0.492768345264 2.59005830453 19.992 1.61188130837 -7.45415317475 88.1977612013 2.79311429647 0.50078589024 2.58918887744
2.72051692174 0.479268113875 2.6655246827 1.24452974142 -0.308135565197 7.26532494093 1.67455151767 87.186943554 -0.454242396956 -0.179194072812 -0.113095091265 9.56928634644 2.66801014548 -6.90127620096 2.67214525292 0.492768345264 2.59005830453 20.016 1.59841136655 -7.46581985239 88.1954662505 2.82022427973 0.494939723342 2.59132064144
2.7368776685 0.476160681518 2.63595055273 1.24256883933 -0.309075080215 7.27035181102 1.68936891396 87.1894492798 -0.378902272804 -0.307922649327 -0.11122764527 9.63956642151 2.73829022055 -6.9273307285 2.73322092681 0.479882980493 2.59310640728 20.032 1.59841136655 -7.46581985239 88.1954662505 2.82022427973 0.494939723342 2.59132064144
2.74892452573 0.473985352109 2.6420049591 1.24417710885 -0.298301366192 7.26007713441 1.68579254819 87.1887257604 -0.306208126584 -0.464298763613 -0.106646090149 9.63956642151 2.71223569301 -6.9273307285 2.73322092681 0.479882980493 2.59310640728 20.052 1.58108009022 -7.47528032905 88.1938593832 2.84734392535 0.48909352852 2.59325160084
2.76393369156 0.469847876494 2.6420049591 1.24515858367 -0.305228506327 7.25543989115 1.68162397072 87.1881250571 -0.249510992189 -0.3295207944 -0.100291443825 9.59363460541 2.66630387691 -6.9273307285 2.73322092681 0.479882980493 2.59310640728 20.076 1.58108009022 -7.47528032905 88.1938593832 2.84734392535 0.48909352852 2.59325160084
2.78215165096 0.464995778357 2.64340544109 1.24842307771 -0.310412278841 7.25104267219 1.67918064848 87.1839366816 -0.147915600585 -0.228890115595 -0.107329268979 9.58208847046 2.65475774196 -6.9273307285 2.73322092681 0.479882980493 2.59310640728 20.092 1.57335078105 -7.47564906438 88.1911851275 2.87447528585 0.483251138404 2.59499231895
2.7943326002 0.461930542498 2.63792583952 1.25062846106 -0.311371393789 7.24456765699 1.67953133547 87.1817474258 -0.0716178834825 -0.307867517727 -0.10913885828 9.52170467377 2.59437394527 -6.9273307285 2.73322092681 0.479882980493 2.59310640728 20.112 1.57335078105 -7.47564906438 88.1911851275 2.87447528585 0.483251138404 2.59499231895
2.8056291388 0.460124356987 2.60000581881 1.25187140151 -0.312681818921 7.25682107096 1.69324513406 87.1790559424 0.0488016582508 -0.406759103774 -0.119714879111 9.28725242615 2.35992169765 -6.88688102219 2.79544645832 0.46557558661 2.59918161158 20.132 1.55745785542 -7.46780879522 88.1886180654 2.90162065809 0.477414525456 2.59658819748
2.82080605692 0.456900681374 2.61487038687 1.25391523659 -0.305688614134 7.24484848818 1.69318681972 87.1791009307 0.0166864709788 -0.525905562317 -0.10964552548 9.67097663879 2.78409561661 -6.88688102219 2.79544645832 0.46557558661 2.59918161158 20.152 1.53446729667 -7.46426882771 88.1865257743 2.92877894444 0.47158398448 2.59806690319
2.83593280478 0.453215570564 2.62230924801 1.25489933404 -0.305896468689 7.23657549271 1.69018423516 87.17841118 -0.0830753272117 -0.45877255602 -0.103676222913 9.58302783966 2.69614681747 -6.88688102219 2.79544645832 0.46557558661 2.59918161158 20.176 1.5112689833 -7.48866353783 88.1843032313 2.95594449859 0.465764214287 2.59944090123
2.85451110121 0.449056468448 2.63325745406 1.26063846709 -0.303118073195 7.22373977187 1.67968201745 87.1716566754 -0.330629144375 -0.511876503843 -0.11991970042 9.61490726471 2.72802624252 -6.88688102219 2.79544645832 0.46557558661 2.59918161158 20.192 1.5112689833 -7.48866353783 88.1843032313 2.95594449859 0.465764214287 2.59944090123
2.8668681294 0.44633263234 2.64337810837 1.26349961526 -0.301029197139 7.21451485453 1.66494242281 87.1699179241 -0.598483877644 -0.541211413665 -0.119252255836 9.61490726471 2.72802624252 -6.88688102219 2.79544645832 0.46557558661 2.59918161158 20.212 1.4941880432 -7.52041120093 88.1809292106 2.98311948787 0.459960313226 2.60072572084
2.88529852663 0.44307082231 2.63540682468 1.26560708046 -0.293326734167 7.23199022886 1.65426007613 87.1753327264 -0.771131391394 -0.46249752156 -0.120053376759 9.69360637665 2.80672535446 -6.91979983572 2.893571243 0.44220516253 2.60417595232 20.232 1.4941880432 -7.52041120093 88.1809292106 2.98311948787 0.459960313226 2.60072572084
2.90033169397 0.439045489432 2.64628795817 1.26357042657 -0.300005720015 7.22873286977 1.63812499808 87.1727175104 -0.793180564899 -0.277036585454 -0.120907331334 9.69137001038 2.77157017466 -6.91979983572 2.893571243 0.44220516253 2.60417595232 20.252 1.4963030314 -7.53505405594 88.1759723993 3.01031201845 0.454178067642 2.60193324261
2.91536481543 0.435153684815 2.65278518174 1.26197054636 -0.303603695964 7.22480635799 1.63364326012 87.1730199547 -0.453547837421 -0.228868599582 -0.110426934792 9.63761425018 2.71781441447 -6.91979983572 2.893571243 0.44220516253 2.60417595232 20.276 1.4963030314 -7.53505405594 88.1759723993 3.01031201845 0.454178067642 2.60193324261
2.93334313782 0.430782861103 2.66575770664 1.25977646643 -0.303591603474 7.2184522751 1.63390943688 87.1706839458 -0.12950146993 -0.253895272511 -0.109261277382 9.69852256775 2.77872273203 -6.91979983572 2.893571243 0.44220516253 2.60417595232 20.296 1.49491963099 -7.53114338695 88.1711352309 3.03752782488 0.448416352903 2.60306767161
2.94855274049 0.427174858239 2.66802191688 1.26078604911 -0.303207655193 7.2172253267 1.63094972878 87.1685064885 -0.139928210657 -0.145279517473 -0.109233293516 9.60622882843 2.68642899271 -6.91979983572 2.893571243 0.44220516253 2.60417595232 20.316 1.49491963099 -7.53114338695 88.1711352309 3.03752782488 0.448416352903 2.60306767161
2.96556217165 0.423596052223 2.63846462365 1.26132830006 -0.304925900091 7.24687120302 1.6407134169 87.1771431306 -0.150697705705 0.0101549907478 -0.108539194147 9.60622882843 2.68642899271 -6.93274005551 2.97044030753 0.424158058172 2.60484854621 20.332 1.50086322379 -7.53450175792 88.1650861893 3.06476335433 0.442674487146 2.60411618684
2.97774682387 0.420670591174 2.64930380602 1.26235878025 -0.304901087393 7.24878587209 1.63820581984 87.1729050042 -0.153632892977 0.0634869670021 -0.118280435447 9.71200466156 2.77926460605 -6.93274005551 2.97044030753 0.424158058172 2.60484854621 20.352 1.51272051451 -7.53347099151 88.1586382832 3.0920170346 0.43695170687 2.60507781936
2.99345132592 0.417302101209 2.64046903714 1.26926994825 -0.301293601697 7.25204094469 1.63453624511 87.1688290404 -0.171521460783 0.122983976518 -0.124732953028 9.48211288452 2.54937282901 -6.93274005551 2.97044030753 0.424158058172 2.60484854621 20.372 1.51272051451 -7.53347099151 88.1586382832 3.0920170346 0.43695170687 2.60507781936
3.00891382291 0.414126727691 2.64957701402 1.27197668876 -0.296141896478 7.25906186518 1.63236060591 87.1663730609 -0.134639303759 0.25705294712 -0.124591247731 9.66633224487 2.73359218936 -6.93274005551 2.97044030753 0.424158058172 2.60484854621 20.392 1.52843859014 -7.53395109772 88.1527448474 3.11928823253 0.431244804946 2.60596364517
3.02409100126 0.410492700143 2.64957701402 1.27101501592 -0.297034483223 7.26880558828 1.63166682533 87.161943084 -0.0768202157895 0.390180066071 -0.131501339109 9.66633224487 2.73359218936 -6.93274005551 2.97044030753 0.424158058172 2.60484854621 20.412 1.52843859014 -7.53395109772 88.1527448474 3.11928823253 0.431244804946 2.60596364517
3.04130276566 0.40680114298 2.63551365673 1.27305643413 -0.296029593411 7.2957397955 1.63089418885 87.1707388632 -0.109810947761 0.281365737306 -0.126586450302 9.64608287811 2.7133428226 -6.9482480287 3.0461330503 0.406220736319 2.61291508867 20.432 1.53884515715 -7.54832629215 88.1483414288 3.14657608513 0.42554873022 2.60681001339
3.05711768746 0.403301197782 2.64944053409 1.28020574708 -0.295333450888 7.2998353849 1.62620190682 87.1657818824 -0.18626824554 0.234447218962 -0.135850649694 9.75421047211 2.80596244341 -6.9482480287 3.0461330503 0.406220736319 2.61291508867 20.452 1.53884515715 -7.54832629215 88.1483414288 3.14657608513 0.42554873022 2.60681001339
3.07220467321 0.400126879965 2.66137820721 1.27679186554 -0.290752206271 7.30537179212 1.61814946841 87.165233431 -0.31436756507 0.259535633537 -0.127809327273 9.72699928284 2.77875125414 -6.9482480287 3.0461330503 0.406220736319 2.61291508867 20.472 1.55221893513 -7.56703733212 88.1441647176 3.17388209854 0.419859707489 2.60763760409
3.08759037287 0.396956206558 2.65968947416 1.27754133299 -0.287035611403 7.31287568678 1.61013195041 87.1663220701 -0.36450338852 0.32656575469 -0.114661046403 9.59290218353 2.64465415484 -6.9482480287 3.0461330503 0.406220736319 2.61291508867 20.496 1.55221893513 -7.56703733212 88.1441647176 3.17388209854 0.419859707489 2.60763760409
3.10663613099 0.392374366294 2.67084911435 1.28455094608 -0.291878777641 7.31876805018 1.60210481471 87.1634331554 -0.343926295945 0.27104580799 -0.115140636398 9.70839118958 2.76014316088 -6.9482480287 3.0461330503 0.406220736319 2.61291508867 20.516 1.56374692551 -7.5799981663 88.1405860446 3.20121044639 0.414175383617 2.60845528684
3.1210994285 0.389012389842 2.64614100246 1.28242212574 -0.300324942818 7.33473900803 1.62233044025 87.1632134595 -0.347348952383 0.121455950826 -0.110212031181 9.70839118958 2.76014316088 -6.97147652663 3.11905265134 0.391370548392 2.60816731079 20.532 1.56374692551 -7.5799981663 88.1405860446 3.20121044639 0.414175383617 2.60845528684
3.13368408573 0.386268121784 2.64558969687 1.28614583745 -0.29843381831 7.33140602854 1.61513650131 87.1596612595 -0.39657598433 -0.0372719727885 -0.116950159945 9.61048030853 2.6390037819 -6.97147652663 3.11905265134 0.391370548392 2.60816731079 20.552 1.55892160216 -7.5891873453 88.1376230358 3.22856391864 0.408489997928 2.6092679609
3.14909564399 0.38258225072 2.63182405092 1.28586933892 -0.299737894434 7.32856813355 1.60712306569 87.1582075302 -0.399008643602 -0.0994116687438 -0.11370830173 9.46174240112 2.49026587449 -6.97147652663 3.11905265134 0.391370548392 2.60816731079 20.572 1.55892160216 -7.5891873453 88.1376230358 3.22856391864 0.408489997928 2.6092679609
3.164869837 0.379412244857 2.61795388177 1.28990232918 -0.294730119757 7.32961932271 1.60068658257 87.1591364328 -0.353925282449 -0.0106455270427 -0.102282610986 9.46174240112 2.49026587449 -6.97147652663 3.11905265134 0.391370548392 2.60816731079 20.592 1.55742532388 -7.5994715957 88.1337296803 3.25594258243 0.402804160297 2.61007047812
3.18033251908 0.376139499114 2.61795388177 1.2897225443 -0.291790295511 7.33101191902 1.59577784235 87.1564811064 -0.291439301239 0.0355906557453 -0.104404843623 9.57844161987 2.60696509324 -6.97147652663 3.11905265134 0.391370548392 2.60816731079 20.612 1.55742532388 -7.5994715957 88.1337296803 3.25594258243 0.402804160297 2.61007047812
3.19583809867 0.372780825374 2.61724871035 1.29434638842 -0.297322104013 7.35099499145 1.62564246872 87.1546403385 -0.219251908546 0.0455459573309 -0.105516996273 9.65257263184 2.6810961052 -6.98247459652 3.1948300162 0.374468895226 2.60790700616 20.632 1.56065481017 -7.60748051632 88.1291809698 3.28334639336 0.397120051532 2.61085215395
3.21123416482 0.36861988696 2.61462175295 1.29253715791 -0.305206607109 7.35028418425 1.62365581026 87.1519644429 -0.146305366681 -0.00377873001522 -0.10762025114 9.56758308411 2.58510848758 -6.98247459652 3.1948300162 0.374468895226 2.60790700616 20.652 1.56065481017 -7.60748051632 88.1291809698 3.28334639336 0.397120051532 2.61085215395
3.22672530153 0.365609596669 2.59950682091 1.29229769081 -0.297118341211 7.34446600285 1.62258318191 87.1513575868 -0.0916766666264 -0.173034031807 -0.102026100567 9.43340873718 2.45093414066 -6.98247459652 3.1948300162 0.374468895226 2.60790700616 20.672 1.55307128548 -7.60582075652 88.1250331793 3.31077456551 0.391435969151 2.61157903591
3.24263296637 0.362236575269 2.62460393781 1.29697162491 -0.29487071419 7.34512474642 1.62615210908 87.1485383068 0.0644372319152 -0.0539957948688 -0.104774599198 9.83048152924 2.84800693271 -6.98247459652 3.1948300162 0.374468895226 2.60790700616 20.692 1.55307128548 -7.60582075652 88.1250331793 3.31077456551 0.391435969151 2.61157903591
3.25789024714 0.358145131658 2.63543555423 1.29357339464 -0.301004313966 7.34352398415 1.63452767337 87.1389487348 0.266675647526 -0.0688593232802 -0.13060828167 9.70743179321 2.72495719669 -6.98247459652 3.1948300162 0.374468895226 2.60790700616 20.716 1.53567990421 -7.59012170955 88.0685456096 3.36571868781 0.380068239806 2.61311952158
3.27496880474 0.354124301403 2.62015260053 1.29559784285 -0.308213885617 7.35687416524 1.65864695376 87.1192534742 0.169733839469 -0.189922792457 -0.195154443544 9.55971336365 2.57723876712 -6.97722520195 3.27029104837 0.356685953149 2.61226871065 20.736 1.53567990421 -7.59012170955 88.0685456096 3.36571868781 0.380068239806 2.61311952158
3.29090011826 0.351007370518 2.62234465366 1.30065209587 -0.300561105977 7.35492717118 1.66185617884 87.0716920705 0.164217350249 -0.134848783475 -0.355176257162 9.62377738953 2.64655218757 -6.97722520195 3.27029104837 0.356685953149 2.61226871065 20.756 1.53570623985 -7.59270360442 87.9097954584 3.39326688146 0.374379867618 2.61435844777
3.30623206125 0.347082347083 2.61995773885 1.29726447228 -0.304469467741 7.35672188392 1.66431490078 87.0005172362 0.140376944894 -0.00514865995096 -0.583931337007 9.57401657104 2.59679136909 -6.97722520195 3.27029104837 0.356685953149 2.61226871065 20.776 1.53570623985 -7.59270360442 87.9097954584 3.39326688146 0.374379867618 2.61435844777
3.32145806642 0.343204455646 2.61969937812 1.29331645557 -0.307064589055 7.36451957523 1.66833435852 86.9109616836 0.174852594766 0.219602812387 -0.855255881734 9.59464645386 2.6174212519 -6.97722520195 3.27029104837 0.356685953149 2.61226871065 20.796 1.55731911087 -7.58902219269 87.6554867207 3.42084977518 0.368694250362 2.6156660999
3.33688469128 0.339734122355 2.62170240458 1.29229227563 -0.304707383772 7.37471352088 1.6706189027 86.8056227543 0.14063279651 0.383345675029 -1.15572278424 9.61536502838 2.63813982643 -6.97722520196 3.27029104837 0.356685953149 2.61226871065 20.812 1.55731911087 -7.58902219269 87.6554867207 3.42084977518 0.368694250362 2.6156660999
3.34886498022 0.33697415433 2.62118829378 1.29279287576 -0.311412129812 7.39822852545 1.68614857835 86.6975501891 0.284008998651 0.52867186784 -1.51825846282 9.61536502838 2.63813982643 -6.98013413239 3.34760916715 0.338973757411 2.61849891329 20.836 1.5714275032 -7.57922680103 87.2891084197 3.44847408034 0.363003856268 2.61706054048
3.36770680278 0.332711593079 2.6170416973 1.29570113318 -0.308553266865 7.40695281387 1.69502525795 86.5314680201 0.346815473935 0.407847317012 -1.98868707975 9.54990959167 2.56977545928 -6.98013413239 3.34760916715 0.338973757411 2.61849891329 20.852 1.5714275032 -7.57922680103 87.2891084197 3.44847408034 0.363003856268 2.61706054048
3.38045251248 0.329952673277 2.63333364997 1.299580856 -0.305985249537 7.4067389577 1.69827288068 86.3482776091 0.279143384883 0.209678703822 -2.52679040181 9.78202915192 2.80189501952 -6.98013413239 3.34760916715 0.338973757411 2.61849891329 20.872 1.5656111831 -7.56611006847 86.7920560412 3.47613843168 0.357299852393 2.61845191429
3.3958099529 0.326371550229 2.62956105211 1.29680480071 -0.304925222494 7.4058845966 1.704169454 86.1372428515 0.288314918016 0.0620966993182 -3.08401218302 9.57480716705 2.59467303466 -6.98013413239 3.34760916715 0.338973757411 2.61849891329 20.896 1.5656111831 -7.56611006847 86.7920560412 3.47613843168 0.357299852393 2.61845191429
3.39684955113 0.326773696141 2.6187346246 1.2908466863 -0.298384563908 7.41325417403 1.71898421953 85.9835352021 0.394451886626 -0.0605601079108 -3.69505901595 9.52579116821 2.54565703582 -6.96959789577 3.34760916715 0.338973757411 2.61849891329 20.912 1.56213328352 -7.54936698927 86.1918572298 3.50382096638 0.351585427771 2.6196766882
3.40924167932 0.323909204328 2.6187346246 1.2908466863 -0.298384563908 7.41228521231 1.72529544972 85.9244142578 0.394451886626 -0.0605601079108 -3.69505901595 9.52579116821 2.55619327244 -6.96959789577 3.42207074906 0.323069029945 2.62114161567 20.936 1.56213328352 -7.54936698927 86.1918572298 3.50382096638 0.351585427771 2.6196766882
3.42771889206 0.319888883099 2.62629636133 1.28955756939 -0.295173763337 7.41698297517 1.73417132642 85.6062356812 0.380787825822 0.0816647895536 -4.48896645765 9.67775726318 2.70815936741 -6.96959789577 3.42207074906 0.323069029945 2.62114161567 20.956 1.57300783593 -7.53016221181 85.4608503613 3.53154022917 0.345858399701 2.62093514956
3.443151124 0.31636208069 2.63864238049 1.28908192929 -0.295002560367 7.41751223153 1.74042535317 85.2735920207 0.347919405099 0.0550163065886 -5.31042920233 9.72631645203 2.75671855626 -6.96959789577 3.42207074906 0.323069029945 2.62114161567 20.964 1.57300783593 -7.53016221181 85.4608503613 3.53154022917 0.345858399701 2.62093514956
3.44973321746 0.314894287882 2.6496357138 1.29364571991 -0.295601585264 7.41668270876 1.74093213799 84.9900297005 0.291822653415 0.0237309042855 -6.11879831864 9.72631645203 2.75671855626 -6.96959789577 3.42207074906 0.323069029945 2.62114161567 20.988 1.57300783593 -7.53016221181 85.4608503613 3.53154022917 0.345858399701 2.62093514956
3.46804442464 0.311410251987 2.63392090273 1.29039902492 -0.287695648776 7.40703320089 1.74212245176 84.5902799937 0.131872180303 -0.25743560831 -6.94755022654 9.46932315826 2.49972526249 -6.96959789577 3.42207074906 0.323069029945 2.62114161567 21.016 1.5766984525 -7.51946776858 84.6144877023 3.55928079636 0.340117172126 2.62210724929
3.48879628983 0.307448167351 2.6323409676 1.2903325534 -0.280538827936 7.39915577062 1.74760001306 84.1412947836 -0.0706099885152 -0.284850867367 -7.78333925878 9.65456390381 2.68496600804 -6.97867557384 3.48622598928 0.308025490356 2.62269215612 21.032 1.56371839651 -7.53728086551 82.7739231087 3.61471549106 0.328601497451 2.62356083084
3.50151929916 0.304888836652 2.63591349004 1.29464053319 -0.278821853655 7.40178039824 1.74175192486 83.7928617897 -0.208471559502 -0.0749979249764 -8.56579290342 9.65456390381 2.67588832996 -6.97867557384 3.48622598928 0.308025490356 2.62269215612 21.056 1.56371839651 -7.53728086551 82.7739231087 3.61471549106 0.328601497451 2.62356083084
3.52018953514 0.300757029168 2.63516171873 1.29495600655 -0.280165728895 7.41046270645 1.73068318316 83.3668837119 -0.383255321439 0.227063147385 -9.31557672934 9.60674762726 2.62807205341 -6.97867557385 3.48622598928 0.308025490356 2.62269215612 21.076 1.56371839651 -7.53728086551 82.7739231087 3.61471549106 0.328601497451 2.62356083084
3.53561080762 0.297698050576 2.63516171873 1.29364201277 -0.276797244788 7.41620085357 1.72464376911 82.9720160452 -0.337587513789 0.260685176234 -10.0101181831 9.60674762726 2.62807205341 -6.97867557385 3.48622598928 0.308025490356 2.62269215612 21.092 1.5757863816 -7.55081309144 81.8599434183 3.64238760178 0.322841338821 2.62377404391
3.54812229851 0.29527475781 2.64654329558 1.29464942999 -0.274249937779 7.4145273787 1.721389977 82.6093062737 -0.277677525535 0.0976478921798 -10.6738617072 9.71152687073 2.73285129688 -6.97867557385 3.48622598928 0.308025490356 2.62269215612 21.112 1.56787547976 -7.55831475628 80.9504865858 3.67005715102 0.31707170681 2.62398042006
3.56697569201 0.291611862354 2.63856843337 1.29607610939 -0.263300186561 7.41169649679 1.74303379103 82.0876753918 -0.162881586815 -0.0398101019406 -11.3273046521 9.71152687073 2.73285129688 -6.99522928356 3.5756491668 0.287931908482 2.61879107557 21.136 1.56787547976 -7.55831475628 80.9504865858 3.67005715102 0.31707170681 2.62398042006
3.58572986494 0.287928681639 2.64319701839 1.29721055032 -0.261944742316 7.40955705295 1.73841303841 81.6269038396 -0.184318622727 -0.0754785610578 -11.985099155 9.68833637238 2.69310708881 -6.99522928356 3.5756491668 0.287931908482 2.61879107557 21.152 1.57088542788 -7.56822059339 79.989546747 3.69775099601 0.311288839822 2.62443059399
3.59841536467 0.285836126203 2.64777007134 1.30006898606 -0.256750174935 7.41163270308 1.73401484387 81.2432097089 -0.226445398628 0.0199706622635 -12.6412646993 9.68833637238 2.69310708881 -6.99522928357 3.5756491668 0.287931908482 2.61879107557 21.172 1.57088542788 -7.56822059339 79.989546747 3.69775099601 0.311288839822 2.62443059399
3.61378282759 0.282279228824 2.64819558423 1.29740392983 -0.262184958149 7.41713797289 1.73201413718 80.7976684268 -0.153201725884 0.167890722958 -13.2863555448 9.64723682404 2.65200754047 -6.99522928356 3.5756491668 0.287931908482 2.61879107557 21.196 1.59062536555 -7.5702045 78.9912145812 3.72545477248 0.305499378188 2.62490514166
3.63242459089 0.27878984672 2.64861737731 1.29697080691 -0.259151950076 7.42761537807 1.73397755065 80.2828238761 0.0085870348465 0.352850170972 -13.9271139651 9.64723682404 2.65200754047 -6.99522928357 3.5756491668 0.287931908482 2.61879107557 21.216 1.59062536555 -7.5702045 78.9912145812 3.72545477248 0.305499378188 2.62490514166
3.64812061702 0.275869562453 2.64861737731 1.29834052158 -0.257190766338 7.43422395409 1.73741934668 79.8155968075 0.100192938818 0.340288121393 -14.5326033601 9.5978012085 2.60257192493 -6.99522928357 3.5756491668 0.287931908482 2.61879107557 21.236 1.60358380452 -7.56065387296 77.991147805 3.75315153246 0.299703239371 2.62518753202
3.65926945762 0.272077748181 2.63448940973 1.29331124449 -0.256773432752 7.44276795604 1.74847653208 79.2580609818 0.0999420337463 0.188922747018 -15.1073717668 9.60912036896 2.61389108539 -6.99334658906 3.64917519185 0.2701838975 2.62646293263 21.252 1.60358380452 -7.56065387296 77.991147805 3.75315153246 0.299703239371 2.62518753202
3.67203373646 0.269564546817 2.64116475246 1.29789728696 -0.257407420801 7.43945241688 1.75185463376 78.8686180679 0.153071929666 -0.000367791343826 -15.6174677078 9.71107387543 2.71772728637 -6.99334658906 3.64917519185 0.2701838975 2.62646293263 21.272 1.60394891656 -7.55201704761 77.0192271423 3.7808281111 0.293897586898 2.62518042231
3.68781719 0.267033994855 2.63427847852 1.30042271219 -0.25065067664 7.44054140424 1.75740911946 78.4252998155 0.226912595158 0.0321044031565 -16.0600379613 9.55889701843 2.56555042937 -6.99334658906 3.64917519185 0.2701838975 2.62646293263 21.296 1.60394891656 -7.55201704761 77.0192271423 3.7808281111 0.293897586898 2.62518042231
3.70650744578 0.263267030369 2.62718600915 1.30002365358 -0.252405834299 7.45051101518 1.75953496833 77.9200257879 0.130207005826 0.300053374299 -16.4553520059 9.55889701843 2.56555042937 -6.99334658906 3.64917519185 0.2701838975 2.62646293263 21.312 1.62113635463 -7.54412424055 76.0942021898 3.80847982052 0.288085259867 2.62490690446
3.72082127808 0.25828779875 2.62463761778 1.30104031183 -0.25797020562 7.47152487173 1.76811919365 77.3770489997 -0.0111033878665 0.481902095743 -16.8061711096 9.58887767792 2.59553108886 -6.98894783493 3.7256482534 0.252524831362 2.62599579219 21.332 1.62113635463 -7.54412424055 76.0942021898 3.80847982052 0.288085259867 2.62490690446
3.73706903112 0.255419062254 2.63911654273 1.30963342614 -0.254900910493 7.48132336215 1.76393894945 76.9646921687 -0.131641988806 0.486788244254 -17.0748919724 9.80334281921 2.81439498428 -6.98894783493 3.7256482534 0.252524831362 2.62599579219 21.352 1.65128757976 -7.55491593626 75.227369387 3.83611021809 0.282265448583 2.62449431306
3.75276700105 0.253094865742 2.6249711232 1.30941146399 -0.245652717906 7.48469837095 1.75501813066 76.5600623446 -0.317950668753 0.298323227662 -17.2923897582 9.46703338623 2.4780855513 -6.98894783493 3.7256482534 0.252524831362 2.62599579219 21.376 1.65128757976 -7.55491593626 75.227369387 3.83611021809 0.282265448583 2.62449431306
3.77234167238 0.249489724125 2.6249711232 1.31768838968 -0.246432391665 7.49408150296 1.7405780808 76.0954445185 -0.515268799683 0.36275222532 -17.4589711561 9.46703338623 2.4780855513 -6.98894783493 3.7256482534 0.252524831362 2.62599579219 21.396 1.66927378094 -7.58167538996 74.4258814892 3.86372877539 0.276429359917 2.62408595525
3.78847761944 0.246379163527 2.64344234711 1.32128669281 -0.248137371004 7.50567166425 1.72692601205 75.7108714952 -0.609536296916 0.484861017345 -17.5754566831 9.7724905014 2.78354266647 -6.98894783493 3.7256482534 0.252524831362 2.62599579219 21.416 1.66927378094 -7.58167538996 74.4258814892 3.86372877539 0.276429359917 2.62408595525
3.80556990385 0.240456939439 2.63681548769 1.32203855138 -0.25133068291 7.54162253963 1.7048248533 75.1489035695 -0.606000482336 0.480403828404 -17.6662891179 9.54932117462 2.56037333969 -6.9771208753 3.80877207575 0.23316647965 2.64161200635 21.436 1.69193409856 -7.60730695275 73.6892428118 3.8913425334 0.270574868938 2.62370877233
3.82122458286 0.237179622438 2.63681548769 1.31926225252 -0.254789401243 7.54447326601 1.69288805482 74.792249864 -0.600560614902 0.279766011262 -17.6779528214 9.54932117462 2.57220029932 -6.9771208753 3.80877207575 0.23316647965 2.64161200635 21.452 1.69193409856 -7.60730695275 73.6892428118 3.8913425334 0.270574868938 2.62370877233
3.83367272668 0.234933414633 2.62816711932 1.31650481003 -0.252248247734 7.54281428199 1.68712515222 74.5180001097 -0.488668807322 0.101276381698 -17.6483720519 9.52271366119 2.54559278589 -6.9771208753 3.80877207575 0.23316647965 2.64161200635 21.472 1.69193409856 -7.60730695275 73.6892428118 3.8913425334 0.270574868938 2.62370877233
3.84968083415 0.232018031803 2.63556946481 1.31897366356 -0.25093658452 7.53852242283 1.67897506304 74.1818436763 -0.441345495705 -0.082892942637 -17.5917500317 9.67716789246 2.70004701715 -6.9771208753 3.80877207575 0.23316647965 2.64161200635 21.492 1.69326312153 -7.63991299986 72.408968572 3.94657668443 0.258797616664 2.62291832504
3.86589512426 0.229291870185 2.63556946481 1.32328712214 -0.247755906826 7.5382840669 1.66688630716 73.8573978087 -0.535601187219 -0.0418743811435 -17.5013241053 9.67716789246 2.70004701715 -6.9771208753 3.80877207575 0.23316647965 2.64161200635 21.516 1.69326312153 -7.63991299986 72.408968572 3.94657668443 0.258797616664 2.62291832504
3.87448965052 0.224691242583 2.635810384 1.32601374632 -0.249725093679 7.57212595582 1.67426749723 73.349071757 -0.564628928949 0.169117192675 -17.3213634112 9.64723682404 2.67011594873 -6.98280895363 3.84509002931 0.222323925557 2.63108291759 21.532 1.70522053687 -7.65854833099 71.875211126 3.97421018048 0.252875951653 2.62257742663
3.88722794933 0.221669922934 2.62831040436 1.32613037502 -0.258219649722 7.5774066928 1.66731435991 73.1550306423 -0.502157358195 0.246417251426 -17.0288860921 9.52717781067 2.54436885704 -6.98280895362 3.84509002931 0.222323925557 2.63108291759 21.552 1.72222078495 -7.67020780064 71.4908218042 4.00189057694 0.246929239696 2.62259508175
3.90334008812 0.218507071153 2.6246143759 1.32860430983 -0.25901968361 7.5840512471 1.66217924523 72.9294948425 -0.357145251094 0.29712415359 -16.6330949279 9.57119464874 2.58838569512 -6.98280895363 3.84509002931 0.222323925557 2.63108291759 21.576 1.72893483029 -7.66240842368 71.2568548638 4.02960735108 0.240958272993 2.62269471421
3.92150782213 0.214723719467 2.62620889669 1.31760002311 -0.259629929791 7.59368870054 1.66086776096 72.6675595736 -0.146528149654 0.369838493688 -16.1726653747 9.62269592285 2.63988696923 -6.98280895363 3.84509002931 0.222323925557 2.63108291759 21.592 1.72893483029 -7.66240842368 71.2568548638 4.02960735108 0.240958272993 2.62269471421
3.9342772817 0.21195628399 2.63447263719 1.31896651133 -0.262748354056 7.59501009972 1.66453428933 72.5607905205 0.0237130837759 0.239671413473 -15.6710364254 9.68591499329 2.70310603966 -6.98280895363 3.84509002931 0.222323925557 2.63108291759 21.612 1.73501938935 -7.63383154456 71.1369639501 4.057336354 0.234969919098 2.62256618017
3.94853352504 0.206328255383 2.63105698652 1.31735939995 -0.258828517727 7.62848743943 1.7214937929 72.2113175073 0.373474670761 0.22404984285 -15.1282579043 9.67552471161 2.69271575798 -6.99345678698 3.94462871746 0.198657195061 2.61933203036 21.632 1.73501938935 -7.63383154456 71.1369639501 4.057336354 0.234969919098 2.62256618017
3.96425276448 0.202682658972 2.63105698652 1.31617583278 -0.265999202608 7.63306266929 1.73691205419 72.075962192 0.614026193654 0.226901591987 -14.540898018 9.67552471161 2.68206792463 -6.99345678698 3.94462871746 0.198657195061 2.61933203036 21.652 1.74747313379 -7.5989379242 71.0951090577 4.08505835602 0.228969500808 2.62206814026
3.98008350556 0.199899387606 2.6219442454 1.31663006432 -0.260931017657 7.63774094757 1.75202973436 71.9621608605 0.697526717003 0.231029193456 -13.9330113484 9.53022670746 2.53676992048 -6.99345678698 3.94462871746 0.198657195061 2.61933203036 21.672 1.74747313379 -7.5989379242 71.0951090577 4.08505835602 0.228969500808 2.62206814026
3.99605930062 0.196962007574 2.6134363782 1.31868916794 -0.258666769399 7.64515350791 1.76137626338 71.8646673629 0.564514769628 0.311690748372 -13.323934838 9.53395748138 2.54050069441 -6.99345678698 3.94462871746 0.198657195061 2.61933203036 21.696 1.75293099458 -7.58925256036 71.1090612372 4.11276636851 0.222954711684 2.62130823287
4.0148142169 0.193259324057 2.60174814856 1.31615792847 -0.258427725797 7.64952651311 1.76519796879 71.7397936798 0.287303595273 0.223124389138 -12.6839929104 9.50422000885 2.51076322187 -6.99345678698 3.94462871746 0.198657195061 2.61933203036 21.712 1.75293099458 -7.58925256036 71.1090612372 4.11276636851 0.222954711684 2.62130823287
4.03207478475 0.18571991747 2.61763564374 1.32045071464 -0.262555550611 7.67690210479 1.7400476132 71.6269839782 -0.0666790612105 -0.010503454812 -12.0012838106 9.50422000885 2.51076322187 -6.97387130811 4.04349561997 0.173097831594 2.64549101237 21.732 1.75293099458 -7.58925256036 71.1090612372 4.11276636851 0.222954711684 2.62130823287
4.04779690224 0.183136416077 2.63195949448 1.31881090246 -0.255012065474 7.66926024401 1.72695393222 71.5953125098 -0.420386020717 -0.234028466855 -11.2706272762 9.77483844757 2.80096713946 -6.97387130811 4.04349561997 0.173097831594 2.64549101237 21.756 1.73912924682 -7.60723608936 71.2317299771 4.14049612124 0.216913529242 2.62081354255
4.06654017135 0.179387962263 2.63818838337 1.31582778428 -0.255931068757 7.66154771724 1.71736285058 71.5611787951 -0.405785498171 -0.295452521052 -10.4636440713 9.67304897308 2.69917766497 -6.97387130811 4.04349561997 0.173097831594 2.64549101237 21.772 1.73912924682 -7.60723608936 71.2317299771 4.14049612124 0.216913529242 2.62081354255
4.07889753003 0.176590299492 2.64245859453 1.31256138156 -0.259984207616 7.65543904448 1.71488938224 71.6400490989 -0.291170893512 -0.334847496493 -9.63708157228 9.655626297 2.68175498889 -6.97387130811 4.04349561997 0.173097831594 2.64549101237 21.792 1.71990501 -7.62611365155 71.480214063 4.16825612783 0.210847308994 2.62059061271
4.09431508567 0.174103294301 2.63977702292 1.30886761072 -0.252968686882 7.64912183337 1.71949811826 71.7118544654 0.00729588467058 -0.323983065149 -8.76663178267 9.59092617035 2.61705486224 -6.97387130811 4.04349561997 0.173097831594 2.64549101237 21.812 1.71990501 -7.62611365155 71.480214063 4.16825612783 0.210847308994 2.62059061271
4.10251405898 0.169287528178 2.63509221195 1.30744972581 -0.251056810534 7.67330612002 1.73679194277 71.6945338764 0.281649785971 -0.289649910561 -7.84357592406 9.59092617035 2.61705486224 -6.97152683926 4.08241402727 0.163990224336 2.63316031388 21.836 1.69893042915 -7.59731850657 72.3117534751 4.22386627747 0.19867618435 2.62050529541
4.12112694727 0.16536237013 2.6179338749 1.30469729222 -0.255035998548 7.66523165395 1.7447776006 71.7847989424 0.318458250618 -0.323360296078 -6.87252295283 9.4000749588 2.42854811954 -6.97152683926 4.08241402727 0.163990224336 2.63316031388 21.856 1.69893042915 -7.59731850657 72.3117534751 4.22386627747 0.19867618435 2.62050529541
4.13641920861 0.16222853435 2.6179338749 1.30024864382 -0.255932845979 7.66046622178 1.75292187835 71.9443481142 0.369582368252 -0.274348377429 -5.86010128469 9.4000749588 2.42854811954 -6.97152683926 4.08241402727 0.163990224336 2.63316031388 21.872 1.6818165956 -7.58108645268 72.9164121623 4.25171503471 0.19258024239 2.62052090791
4.14929193855 0.159694950141 2.62052001542 1.30487301651 -0.256840664414 7.64994033665 1.75743301611 72.1545990157 0.329803409768 -0.448431620263 -4.84131678275 9.61376571655 2.64223887729 -6.97152683926 4.08241402727 0.163990224336 2.63316031388 21.892 1.65348197397 -7.57129291246 73.5975606502 4.27955548647 0.18648788868 2.62027408997
4.16507995058 0.155579262444 2.60222458488 1.30630422729 -0.268260663491 7.63551645821 1.76410238509 72.3742044117 0.331901371525 -0.604567721944 -3.80156811942 9.42901325226 2.457486413 -6.97152683926 4.08241402727 0.163990224336 2.63316031388 21.916 1.65348197397 -7.57129291246 73.5975606502 4.27955548647 0.18648788868 2.62027408997
4.19295859325 0.148568280611 2.62332817469 1.29776667154 -0.272051066861 7.64172355234 1.73984327539 72.6239941321 0.238948139497 -0.677116832987 -2.77722753014 9.59101963043 2.61949279117 -6.96812951068 4.21958665195 0.140933235837 2.64269154614 21.932 1.65348197397 -7.57129291246 73.5975606502 4.307368998 0.180410805331 2.6196768628
4.2054171533 0.145956590369 2.62329898559 1.29776667154 -0.272051066861 7.63088968301 1.74366644562 72.5795584916 0.238948139497 -0.677116832987 -2.77722753014 9.59101963043 2.62289011975 -6.96812951069 4.21958665195 0.140933235837 2.64269154614 21.952 1.64245098979 -7.57990669364 74.3084214113 4.307368998 0.180410805331 2.6196768628
4.22065174028 0.141565435843 2.61548376304 1.29358560514 -0.285961178893 7.63204229969 1.7334792659 72.8181271876 -0.147072775217 -0.298090686055 -1.77182615949 9.50746631622 2.53933680554 -6.96812951069 4.21958665195 0.140933235837 2.64269154614 21.972 1.64245098979 -7.57990669364 74.3084214113 4.307368998 0.180410805331 2.6196768628
4.23634041778 0.137185127191 2.62338355865 1.29550387703 -0.296948229205 7.63644421179 1.72224578723 73.0733745092 -0.354933177812 -0.0382978495501 -0.800408592881 9.66137313843 2.69324362774 -6.96812951069 4.21958665195 0.140933235837 2.64269154614 21.992 1.65266349316 -7.60701599867 75.0158461701 4.3351516392 0.174355248107 2.61878286406
4.25215079852 0.132961541326 2.6199120521 1.29840130752 -0.304184917096 7.64450852485 1.70624113293 73.3409078701 -0.581138416667 0.185984142835 0.127340465556 9.55949115753 2.59136164684 -6.96812951069 4.21958665195 0.140933235837 2.64269154614 22.012 1.68198709224 -7.63798283115 75.7367125007 4.36293526337 0.168314684508 2.61796961436
4.2623527923 0.128722613149 2.6153889823 1.29359249136 -0.310313947739 7.66310628392 1.6972842203 73.6333218377 -0.68187847819 0.496824613706 1.05566805988 9.46950054169 2.501371031 -6.94983460555 4.24894197675 0.128594490932 2.62700241252 22.036 1.68198709224 -7.63798283115 75.7367125007 4.36293526337 0.168314684508 2.61796961436
4.28098052417 0.124254092301 2.6153889823 1.29359249136 -0.310313947739 7.67503007465 1.68091913682 73.6586578712 -0.68187847819 0.496824613706 1.05566805988 9.47492218018 2.52508757463 -6.94983460555 4.24894197675 0.128594490932 2.62700241252 22.056 1.68198709224 -7.63798283115 75.7367125007 4.36293526337 0.168314684508 2.61796961436
4.29707265266 0.120094789816 2.61890434698 1.29985213928 -0.315105173391 7.70492597681 1.67343522091 73.9811757306 -0.56070670543 0.889845933069 2.02561645546 9.60906219482 2.65922758927 -6.94983460555 4.24894197675 0.128594490932 2.62700241252 22.072 1.73260622253 -7.65870020754 76.5240970018 4.39075856874 0.162278512926 2.61754406717
4.30952456463 0.116173033868 2.60972695752 1.29956475135 -0.324768763146 7.72046396481 1.66896599856 74.316798313 -0.46333290991 0.917972912736 2.98699581132 9.46415138245 2.5143167769 -6.94983460555 4.24894197675 0.128594490932 2.62700241252 22.096 1.73260622253 -7.65870020754 76.5240970018 4.39075856874 0.162278512926 2.61754406717
4.32793939153 0.111103638515 2.59918828529 1.29659897507 -0.328665429188 7.73622818506 1.66391504539 74.6889210065 -0.316301662633 0.766142574556 3.92045301391 9.45471572876 2.50488112321 -6.94983460555 4.24894197675 0.128594490932 2.62700241252 22.116 1.76935928082 -7.66470161996 77.3651488935 4.41861017703 0.156239077689 2.61726984801
4.34672097803 0.10682162419 2.6124374393 1.29416753052 -0.322683626534 7.74060977858 1.66043813293 75.2004967346 -0.0953162695933 0.466339579835 4.82680241672 9.48154449463 2.53170988908 -6.93488639464 4.35659053236 0.104238794312 2.6369121637 22.132 1.76935928082 -7.66470161996 77.3651488935 4.41861017703 0.156239077689 2.61726984801
4.35933177706 0.103433543155 2.60747856962 1.29651336124 -0.326329617957 7.73876265056 1.66291712971 75.5286100028 0.0157652303366 0.208099268551 5.66238760186 9.48154449463 2.54665809999 -6.93488639464 4.35659053236 0.104238794312 2.6369121637 22.152 1.76824226334 -7.65490063282 78.2256371226 4.4464686922 0.15018779987 2.61687799659
4.37427522332 0.0991613945313 2.61391033489 1.289369629 -0.330469020369 7.73659976649 1.66581504098 75.8781222443 0.088709201387 0.029457626773 6.43387871145 9.61622524261 2.68133884798 -6.93488639464 4.35659053236 0.104238794312 2.6369121637 22.176 1.76824226334 -7.65490063282 78.2256371226 4.4464686922 0.15018779987 2.61687799659
4.39333262891 0.094538161653 2.620651496 1.29464680152 -0.329010931361 7.72741925388 1.66392492085 76.2595651123 -0.0250843775014 -0.250486154149 7.15906845246 9.61622524261 2.68133884798 -6.93488639464 4.35659053236 0.104238794312 2.6369121637 22.196 1.75520212228 -7.64510652297 79.0728054992 4.474318082 0.144126867589 2.6162102092
4.40830382446 0.0902485613255 2.62050114671 1.28872973829 -0.332589776555 7.71753264477 1.6584646186 76.6193112725 -0.162932881036 -0.386062616785 7.8387819505 9.5541343689 2.61924797426 -6.93488639464 4.35659053236 0.104238794312 2.6369121637 22.212 1.73246013251 -7.65403322717 79.8914311372 4.50215525902 0.13805851587 2.61533598066
4.41860328946 0.0874207489414 2.6139049254 1.28940612157 -0.333183153673 7.69506161752 1.70104637194 77.1035496932 -0.306813198628 -0.439019839934 8.52540091362 9.5541343689 2.61924797426 -6.93662412035 4.41266275868 0.0885868951234 2.60704770562 22.236 1.73246013251 -7.65403322717 79.8914311372 4.50215525902 0.13805851587 2.61533598066
4.43684268455 0.0819751074558 2.60417765229 1.28536119065 -0.341170650419 7.68495508334 1.69234345754 77.5082188704 -0.346922502214 -0.426144893163 9.19485525272 9.42953681946 2.49291269911 -6.93662412035 4.41266275868 0.0885868951234 2.60704770562 22.252 1.71501013593 -7.67176036708 80.737716774 4.53001975363 0.13197876129 2.61473513194
4.44960689324 0.0783320689689 2.60169217568 1.29052056305 -0.345638354846 7.67896600922 1.68446467885 77.860754544 -0.414514005682 -0.402068685702 9.87109904739 9.51253223419 2.57590811384 -6.93662412035 4.41266275868 0.0885868951234 2.60704770562 22.272 1.71501013593 -7.67176036708 80.737716774 4.53001975363 0.13197876129 2.61473513194
4.46515414378 0.0738560994704 2.59918059414 1.29120939219 -0.349345485176 7.67314076527 1.67923354546 78.2698241207 -0.325824779495 -0.33781977851 10.5548656562 9.51253223419 2.57590811384 -6.93662412035 4.41266275868 0.0885868951234 2.60704770562 22.296 1.70328449049 -7.68760001673 81.63611876 4.55792220447 0.125891878319 2.61442904758
4.48362253164 0.0692909443212 2.5803702293 1.28989664835 -0.344458739757 7.66505598634 1.67706887228 78.7428566049 -0.163428463321 -0.33716228845 11.2499486693 9.3620595932 2.42543547285 -6.93662412035 4.41266275868 0.0885868951234 2.60704770562 22.316 1.70328449049 -7.68760001673 81.63611876 4.55792220447 0.125891878319 2.61442904758
4.49466707455 0.0649368862669 2.60926611233 1.28730340263 -0.348548252935 7.65780230208 1.68385552174 79.3415551768 0.175038414503 -0.180313459731 11.9925325275 9.57760620117 2.64098208082 -6.93798169923 4.48313407515 0.0653396345844 2.63156446813 22.336 1.69382957631 -7.6768682769 82.5809470394 4.5858613752 0.119802139316 2.61430495305
4.50921612281 0.0607787293232 2.59081460102 1.27575744555 -0.34823445508 7.65919854662 1.69225481303 79.8046769822 0.320175510938 -0.0320952480582 12.7461701391 9.31707572937 2.37909403014 -6.93798169923 4.48313407515 0.0653396345844 2.63156446813 22.352 1.69382957631 -7.6768682769 82.5809470394 4.5858613752 0.119802139316 2.61430495305
4.52130806773 0.0566698491417 2.57224083463 1.27383257881 -0.3577249092 7.66867294521 1.70135684372 80.2344865141 0.435646355766 0.257738720995 13.4959935089 9.31707572937 2.37909403014 -6.93798169923 4.48313407515 0.0653396345844 2.63156446813 22.376 1.72433093067 -7.62890599161 84.7033013243 4.64185571606 0.107632181436 2.6142469559
4.5398172806 0.0512297815457 2.56947583569 1.27568920062 -0.36095484534 7.68260796769 1.71954154431 80.790968893 0.660537984107 0.483215336204 14.2507020574 9.48270988464 2.54472818541 -6.93798169923 4.48313407515 0.0653396345844 2.63156446813 22.396 1.72433093067 -7.62890599161 84.7033013243 4.64185571606 0.107632181436 2.6142469559
4.55493570453 0.0464725855893 2.56681445777 1.27363005576 -0.365572554536 7.69703109919 1.73557983119 81.3088457688 0.740806482978 0.618309959404 14.9927222105 9.48270988464 2.54472818541 -6.93798169923 4.48313407515 0.0653396345844 2.63156446813 22.412 1.75455702153 -7.59702811832 85.8195391964 4.66984135274 0.101564113732 2.61367347363
4.55907213497 0.0459778478159 2.60208833602 1.27565303665 -0.35944380446 7.69248358955 1.7662388574 81.8433703835 0.687268854936 0.686956093547 15.6981744142 9.68470478058 2.74672308134 -6.95680486558 4.53654585483 0.0527247587921 2.61595932847 22.432 1.79083722762 -7.57981560625 86.9187593819 4.69778908002 0.0955050648635 2.61262053394
4.57433621341 0.0410522891113 2.60261461634 1.27507920394 -0.367472492643 7.70924388786 1.77934505447 82.3464336561 0.667879895155 0.778600802241 16.3428232691 9.56572151184 2.60891664627 -6.95680486558 4.53654585483 0.0527247587921 2.61595932847 22.456 1.79083722762 -7.57981560625 86.9187593819 4.69778908002 0.0955050648635 2.61262053394
4.59302176282 0.0358843029754 2.59817209749 1.27894342078 -0.366000011848 7.73242188559 1.79027991757 82.9223971721 0.517472310929 0.911214413221 16.9539419979 9.51102352142 2.55421865585 -6.95680486558 4.53654585483 0.0527247587921 2.61595932847 22.476 1.79083722762 -7.57981560625 86.9187593819 4.69778908002 0.0955050648635 2.61262053394
4.60829927913 0.0312162444646 2.594208587 1.27814370643 -0.369162660316 7.75508764966 1.78977051311 83.422102374 0.207474306207 1.03800947456 17.4778218732 9.51556015015 2.55875528457 -6.95680486558 4.53654585483 0.0527247587921 2.61595932847 22.492 1.83515140409 -7.59790087955 87.9714586497 4.72569630137 0.0894479236123 2.61126269305
4.62074117381 0.0278624795851 2.59050771988 1.28006475131 -0.367034854913 7.77317755662 1.77534145098 83.8514064783 -0.293311773271 1.07981786104 17.9587220896 9.51556015015 2.55875528457 -6.95680486558 4.53654585483 0.0527247587921 2.61595932847 22.516 1.87598719985 -7.64498293859 89.0089149195 4.75359660218 0.0833730972775 2.6100867226
4.63840369345 0.0245515250548 2.6024807016 1.28957169992 -0.375102235842 7.77227434899 1.76627259896 84.60794953 -0.641334379163 1.1569776243 18.463856488 9.49222183228 2.5354169667 -6.94396504796 4.63398774324 0.0319215954225 2.62380828191 22.536 1.87598719985 -7.64498293859 89.0089149195 4.75359660218 0.0833730972775 2.6100867226
4.65387855385 0.0200502982247 2.6024807016 1.28957169992 -0.375102235842 7.79541390147 1.75344591138 84.9772266597 -0.641334379163 1.1569776243 18.463856488 9.62144184113 2.67747679316 -6.94396504796 4.63398774324 0.0319215954225 2.62380828191 22.552 1.87598719985 -7.64498293859 89.0089149195 4.75359660218 0.0833730972775 2.6100867226
4.66603700677 0.0162459317874 2.59799835656 1.28700578723 -0.377458986698 7.81181012188 1.74821446244 85.4313328992 -0.53476495014 1.1121578028 18.9744475745 9.4897403717 2.54577532374 -6.94396504796 4.63398774324 0.0319215954225 2.62380828191 22.572 1.90990335942 -7.67819088679 90.0839013998 4.7815252828 0.0772632557315 2.60931329444
4.68183671465 0.0115969957819 2.59329200911 1.29086309632 -0.378754322913 7.82894665495 1.7379499714 85.9713887373 -0.524646041175 0.992212359248 19.4823381354 9.4897403717 2.54577532374 -6.94396504796 4.63398774324 0.0319215954225 2.62380828191 22.592 1.90990335942 -7.67819088679 90.0839013998 4.7815252828 0.0772632557315 2.60931329444
4.69773946555 0.00630474333889 2.59329200911 1.29515461028 -0.386529954037 7.84187740615 1.7293413134 86.5161030878 -0.477477110171 0.81914615439 19.9649914909 9.47060585022 2.52664080226 -6.94396504796 4.63398774324 0.0319215954225 2.62380828191 22.612 1.92582527216 -7.69765524345 91.1805951746 4.80947499324 0.0711155147967 2.60869981521
4.71720900374 0.00518486335123 2.59653574911 1.3013091061 -0.389743512198 7.82429367067 1.75251144284 87.303397829 -0.364315246284 0.396346946724 20.4364105724 9.40831375122 2.46434870326 -6.92232301478 4.72689747091 0.0161681751557 2.61774461033 22.636 1.92582527216 -7.69765524345 91.1805951746 4.80947499324 0.0711155147967 2.60869981521
4.73568275443 -0.000122854178185 2.58726702091 1.29809356426 -0.386048992488 7.82524894778 1.75020862661 87.9189237869 -0.181291284149 0.153185016652 20.8507472093 9.40831375122 2.48599073644 -6.92232301478 4.72689747091 0.0161681751557 2.61774461033 22.656 1.9193301011 -7.69933127111 92.266572503 4.83742614249 0.0649313055877 2.60794916779
4.75129714307 -0.00525647631272 2.57533550259 1.29852744283 -0.391882426699 7.83066538571 1.75887338303 88.4465043228 0.160497264041 0.218612248581 21.2100962485 9.38276195526 2.46043894048 -6.92232301478 4.72689747091 0.0161681751557 2.61774461033 22.676 1.9193301011 -7.69933127111 92.266572503 4.83742614249 0.0649313055877 2.60794916779
4.7668405833 -0.0100649503888 2.57971560191 1.29809762162 -0.393052718985 7.83429738014 1.76439524131 88.9637224132 0.224469807428 0.198128904312 21.5069876009 9.54043483734 2.61811182256 -6.92232301478 4.72689747091 0.0161681751557 2.61774461033 22.692 1.92184112512 -7.68232321729 93.3110838582 4.86536821591 0.0587179221909 2.60689604979
4.77930884335 -0.0137473269223 2.58770159686 1.29816830728 -0.392067355287 7.84132005943 1.76270020333 89.3857640839 0.0781235362319 0.304779855024 21.7523288288 9.57747650146 2.65515348669 -6.92232301478 4.72689747091 0.0161681751557 2.61774461033 22.712 1.92184112512 -7.68232321729 93.3110838582 4.86536821591 0.0587179221909 2.60689604979
4.79714021305 -0.0144261633193 2.59770139083 1.29561591918 -0.392775550267 7.84104830364 1.78934182094 90.1342166421 -0.00565838708669 0.339056410133 21.9684080856 9.47149848938 2.5491754746 -6.91310607515 4.80408091475 -0.00299393820791 2.61388735678 22.728 1.93418877356 -7.68272599824 94.2953520373 4.89329531885 0.0524814217504 2.60557362758
4.81005413137 -0.0179718497959 2.59770139083 1.30189224841 -0.389809375449 7.84693037667 1.78323125149 90.5242449165 -0.187650171281 0.352877137901 22.0984658659 9.47149848938 2.55839241423 -6.91310607515 4.80408091475 -0.00299393820791 2.61388735678 22.752 1.93418877356 -7.68272599824 94.2953520373 4.89329531885 0.0524814217504 2.60557362758
4.82852841469 -0.0240455829487 2.60254464728 1.29867348707 -0.395239261817 7.85747840347 1.7728822903 91.0720219611 -0.362669930722 0.41512513829 22.1558863388 9.56105804443 2.64795196928 -6.91310607515 4.80408091475 -0.00299393820791 2.61388735678 22.776 1.96686296326 -7.7230431342 96.0495563119 4.94913446924 0.0399191510421 2.60280566867
4.84742635698 -0.0300090410037 2.59907246128 1.30085529076 -0.398251168019 7.86789848275 1.76327264929 91.6082492553 -0.388778569388 0.428303277823 22.1703547729 9.483335495 2.57022941984 -6.91310607515 4.80408091475 -0.00299393820791 2.61388735678 22.792 1.96686296326 -7.7230431342 96.0495563119 4.94913446924 0.0399191510421 2.60280566867
4.8600237196 -0.0341812473355 2.59907246128 1.30205955787 -0.402101615152 7.8731594619 1.75418554682 91.9531717795 -0.469307776413 0.383584703266 22.1391865416 9.483335495 2.57022941984 -6.91310607515 4.80408091475 -0.00299393820791 2.61388735678 22.812 1.98101139612 -7.74001104704 96.8181999056 4.97707170908 0.0335833006579 2.60162652296
4.87759218516 -0.0347288918861 2.59153603541 1.30973883082 -0.405006935097 7.87738909348 1.77196918528 92.6191795366 -0.362660351725 0.163046519006 22.0796351711 9.28129673004 2.36819065489 -6.87758715366 4.88106748625 -0.0222531155223 2.61585098142 22.836 1.98061583364 -7.74440060448 97.5195068088 5.00503105046 0.02720427259 2.60062430531
4.89617665833 -0.0408446899172 2.58996431143 1.30626513005 -0.408580553868 7.87703539809 1.76866942307 93.1130069609 -0.201015445878 0.0354193182516 21.9577369839 9.45082759857 2.57324044491 -6.87758715366 4.88106748625 -0.0222531155223 2.61585098142 22.852 1.98061583364 -7.74440060448 97.5195068088 5.00503105046 0.02720427259 2.60062430531
4.90878963745 -0.0450854622166 2.59697869961 1.30716677521 -0.41252216657 7.88176765251 1.76975031911 93.4161189573 -0.0767866482589 0.155843671623 21.7975447262 9.54339694977 2.66580979611 -6.87758715366 4.88106748625 -0.0222531155223 2.61585098142 22.872 1.98061583364 -7.74440060448 97.5195068088 5.00503105046 0.02720427259 2.60062430531
4.92468704474 -0.0502802490904 2.59710247493 1.309593376 -0.415328873036 7.88582122806 1.76980728848 93.7966381571 -0.0308267092915 0.182873689232 21.61684637 9.4757900238 2.59820287014 -6.87758715366 4.88106748625 -0.0222531155223 2.61585098142 22.892 1.98919838496 -7.74050305927 98.1563363065 5.03301250365 0.0207852799842 2.59974312596
4.9403369083 -0.055397596454 2.63064995798 1.30888034814 -0.416786473346 7.89039159307 1.77086513647 94.1647443603 0.0171246625264 0.209017294485 21.4111914576 9.78523826599 2.90765111233 -6.87758715366 4.88106748625 -0.0222531155223 2.61585098142 22.912 1.98919838496 -7.74050305927 98.1563363065 5.06100787435 0.0143290707601 2.59888200465
4.95095931977 -0.0535367815577 2.61659766411 1.30659508333 -0.414885024354 7.91248286346 1.80529266588 94.6960021032 -0.00679053470685 0.286288667918 21.1818322799 9.47771167755 2.60012452389 -6.87675881249 4.93763985869 -0.0352753517396 2.60587123312 22.936 2.00060730616 -7.73575060606 98.7330214154 5.06100787435 0.0143290707601 2.59888200465
4.96974607904 -0.0599697789028 2.62344568042 1.30623678443 -0.420710451155 7.92302463644 1.8075697995 95.1211386224 0.0661965647608 0.396088929009 20.8988742356 9.57537269592 2.69861388343 -6.87675881249 4.93763985869 -0.0352753517396 2.60587123312 22.952 2.02523611642 -7.72521842307 99.2518383188 5.08901149989 0.00783740303276 2.59797480142
4.98294594311 -0.0635696167552 2.62052481489 1.31446609374 -0.415236856881 7.93149950054 1.81499519565 95.3658854878 0.250077398517 0.457826122448 20.5992414414 9.46792697906 2.59116816657 -6.87675881249 4.93763985869 -0.0352753517396 2.60587123312 22.972 2.02523611642 -7.72521842307 99.2518383188 5.08901149989 0.00783740303276 2.59797480142
4.99809161897 -0.069144446539 2.637035079 1.30721417067 -0.422073821107 7.9472501379 1.82449488435 95.6828752626 0.379740140108 0.647907106849 20.2878189493 9.66321849823 2.78645968574 -6.87675881249 4.93763985869 -0.0352753517396 2.60587123312 22.992 2.02523611642 -7.72521842307 99.2518383188 5.08901149989 0.00783740303276 2.59797480142
5.01365839221 -0.0743191946246 2.637035079 1.30589827853 -0.423280588209 7.9632093016 1.83091972093 95.9846436562 0.346263731732 0.733775759423 19.9531030887 9.66321849823 2.78645968574 -6.87675881249 4.93763985869 -0.0352753517396 2.60587123312 23.012 2.05098922708 -7.71051604713 99.7195391888 5.11702204745 0.00130762848734 2.59703196087
5.03000377551 -0.0751854643617 2.62220255416 1.30042130372 -0.423847337724 7.98388556865 1.85085726869 96.4671066918 0.111820420098 0.46596857432 19.619537697 9.49212360382 2.61536479133 -6.87743002867 5.03313699723 -0.0636113880387 2.61072521208 23.02 2.05098922708 -7.71051604713 99.7195391888 5.11702204745 0.00130762848734 2.59703196087
5.0365554764 -0.0769933003939 2.62863609609 1.3049248172 -0.420551544896 7.97825701764 1.84840601499 96.5208357142 0.00917090977516 0.17891774251 19.2606901652 9.58931159973 2.71188157106 -6.87743002867 5.03313699723 -0.0636113880387 2.61072521208 23.02 2.05796476453 -7.71889556295 100.52044333 5.17306264084 -0.0118917696285 2.5953186673
5.0365554764 -0.0769933003939 2.62863609609 1.3049248172 -0.420551544896 7.97825701764 1.84840601499 96.5208357142 0.00917090977515 0.17891774251 19.2606901652 9.58931159973 2.71188157106 -6.87743002867 5.03313699723 -0.0636113880387 2.61072521208 23.076 2.05796476453 -7.71889556295 100.52044333 5.17306264084 -0.0118917696285 2.5953186673
5.08018094248 -0.0908731161268 2.64270840687 1.30272081613 -0.418039912207 7.98777343863 1.85423818656 97.4738899375 0.179657570021 0.162795058629 18.8468115807 9.6303024292 2.75287240053 -6.87743002867 5.03313699723 -0.0636113880387 2.61072521208 23.092 2.06775261791 -7.70319670203 100.860170125 5.20110120739 -0.0185611978876 2.59461428268
5.0926524935 -0.0947499623845 2.66036279844 1.30232581611 -0.41648206093 7.99206586148 1.86254893735 97.6393081339 0.334590569202 0.210894703893 18.4055444202 9.67436218262 2.79693215394 -6.87743002868 5.03313699723 -0.0636113880387 2.61072521208 23.116 2.06775261791 -7.70319670203 100.860170125 5.20110120739 -0.0185611978876 2.59461428268
5.11133650941 -0.0971844627643 2.61914814511 1.30315948041 -0.419063263285 8.0160755108 1.89002380171 98.0745493134 0.335592214211 0.157660368269 17.9668038696 9.32367992401 2.44624989534 -6.85381814526 5.11095017979 -0.0869206882062 2.60820851426 23.136 2.07259310936 -7.69050414529 101.165257045 5.22914999783 -0.0252759110907 2.59400297777
5.12697442318 -0.102213221924 2.61914814511 1.30315948041 -0.419063263285 8.01922871816 1.89673564599 98.4338853908 0.335592214211 0.157660368269 17.9668038696 9.40341949463 2.54960134937 -6.85381814526 5.11095017979 -0.0869206882062 2.60820851426 23.156 2.07259310936 -7.69050414529 101.165257045 5.22914999783 -0.0252759110907 2.59400297777
5.14183848841 -0.106666519853 2.62757442783 1.29437473701 -0.412530616355 8.03261273941 1.90020947017 98.6508362033 0.268077921062 0.370977810847 17.5084755773 9.57316493988 2.71934679462 -6.85381814526 5.11095017979 -0.0869206882062 2.60820851426 23.176 2.09473264943 -7.68325129525 101.437579526 5.25720060701 -0.0320319031292 2.59341902118
5.15731241421 -0.111365562443 2.63622686139 1.2937438694 -0.409823601618 8.05062246698 1.90608248095 98.8517253425 0.279684906322 0.611312932275 17.0369416779 9.57316493988 2.71934679462 -6.85381814527 5.11095017979 -0.0869206882062 2.60820851426 23.196 2.09473264943 -7.68325129525 101.437579526 5.25720060701 -0.0320319031292 2.59341902118
5.17377283055 -0.116342193494 2.64650493366 1.30337277204 -0.410428287085 8.06430931755 1.93504786821 99.0422294289 0.845742179014 0.646688153763 16.5706954742 9.590259552 2.73644140674 -6.85381814526 5.11095017979 -0.0869206882062 2.60820851426 23.212 2.11929543228 -7.63278515597 101.681975762 5.28525046155 -0.0388285078168 2.59280273037
5.18084478768 -0.114355071593 2.62256388291 1.30101608845 -0.408001176828 8.08504457277 1.9938985018 99.2355163696 1.7021649507 0.4539347982 16.1320066249 9.43079280853 2.57697466327 -6.84982209151 5.16607841113 -0.0982306548636 2.60522014528 23.236 2.11929543228 -7.63278515597 101.681975762 5.28525046155 -0.0388285078168 2.59280273037
5.19962431406 -0.119717953074 2.62887126427 1.30155870543 -0.401808867037 8.07533535838 2.09110553342 99.4900057346 3.30080656072 -0.130535238711 15.6933213029 9.55163669586 2.70181460435 -6.84982209151 5.16607841113 -0.0982306548636 2.60522014528 23.252 2.09327816141 -7.43489584318 101.906368413 5.31330426249 -0.0456754638817 2.5921005804
5.21180863906 -0.123192816066 2.62887126427 1.29785826702 -0.397252364075 8.04878763576 2.21521039417 99.6055347424 5.29671383552 -0.815299914629 15.2522962559 9.55163669586 2.70181460435 -6.84982209151 5.16607841113 -0.0982306548636 2.60522014528 23.276 2.09327816141 -7.43489584318 101.906368413 5.31330426249 -0.0456754638817 2.5921005804
5.23020373676 -0.129035739323 2.62492382529 1.29468134097 -0.398575690596 8.01040156975 2.40581124515 99.8320895506 7.09802823677 -1.34930823445 14.8083884204 9.44173717499 2.59191508348 -6.84982209151 5.16607841113 -0.0982306548636 2.60522014528 23.296 2.03226206634 -7.09327347675 102.110347583 5.34134445521 -0.0525718718911 2.59129056544
5.24550304995 -0.134049142457 2.62204772398 1.29219241117 -0.400997705576 7.97303937984 2.59204390011 99.987526068 8.33350642812 -1.63886657266 14.3683811942 9.44919013977 2.59936804826 -6.84982209151 5.16607841113 -0.0982306548636 2.60522014528 23.316 2.03226206634 -7.09327347675 102.110347583 5.34134445521 -0.0525718718911 2.59129056544
5.26253737434 -0.134147996767 2.61246428284 1.28501741315 -0.397176255983 7.90600653144 2.72326311876 100.203582483 9.40779339716 -2.02305165255 13.948113809 9.44919013977 2.59936804826 -6.84890614226 5.26858092988 -0.122069373614 2.60575313958 23.336 1.96100398135 -6.69971198067 102.29187941 5.36931343054 -0.0595037297666 2.59040055652
5.2779575833 -0.138914111839 2.61246428284 1.28501741315 -0.397176255983 7.86554549839 2.9114189867 100.482544759 9.40779339716 -2.02305165255 13.948113809 9.39022827148 2.54132212922 -6.84890614226 5.26858092988 -0.122069373614 2.60575313958 23.356 1.96100398135 -6.69971198067 102.29187941 5.36931343054 -0.0595037297666 2.59040055652
5.29301023689 -0.142895895656 2.6067107056 1.28098334466 -0.388567904052 7.80434180128 3.14239906136 100.618237217 10.3249591339 -2.46729714419 13.4988382768 9.39022827148 2.54132212922 -6.84890614226 5.26858092988 -0.122069373614 2.60575313958 23.376 1.8641401742 -6.27221304792 102.453646671 5.39713682804 -0.0664575189612 2.58946663781
5.30798962562 -0.146655352126 2.6067107056 1.27686460872 -0.37908628699 7.73550212377 3.37899328418 100.746640744 11.0275959602 -2.92242249927 13.0621160918 9.28409290314 2.43518676088 -6.84890614226 5.26858092988 -0.122069373614 2.60575313958 23.396 1.75096034733 -5.83383643968 102.595750205 5.42473530186 -0.073415117915 2.58853064623
5.32302278182 -0.150835792552 2.60824113275 1.27394574822 -0.375366347925 7.66642265057 3.61442214826 100.866722738 11.3964368054 -3.18599513601 12.6333383642 9.46980857849 2.62090243623 -6.84890614226 5.26858092988 -0.122069373614 2.60575313958 23.416 1.75096034733 -5.83383643968 102.595750205 5.42473530186 -0.073415117915 2.58853064623
5.33942389369 -0.152250389321 2.61159119339 1.27191821316 -0.365957290834 7.49535548589 3.65990950418 101.005927914 11.5628103876 -3.46877029259 12.2141618068 9.57634449005 2.72743834779 -6.86699973705 5.34320258916 -0.14587877977 2.59864755014 23.436 1.62887490201 -5.39825430152 102.720545516 5.45202792306 -0.0803538867694 2.58760084885
5.3542695394 -0.156468805381 2.61338722878 1.26684137807 -0.363852086567 7.42233093556 3.8890567583 101.126048601 11.5032284987 -3.57186545689 11.8107311709 9.50101566315 2.63401592609 -6.86699973706 5.34320258916 -0.14587877977 2.59864755014 23.452 1.50813724241 -4.99122350281 102.829790856 5.47893407077 -0.0872486211792 2.58666857722
5.36556580228 -0.160312715747 2.61526216399 1.25662065324 -0.367996647394 7.36583858964 4.06393532457 101.187570558 11.2450443019 -3.55335953662 11.4026969734 9.50177383423 2.63477409717 -6.86699973706 5.34320258916 -0.14587877977 2.59864755014 23.476 1.50813724241 -4.99122350281 102.829790856 5.47893407077 -0.0872486211792 2.58666857722
5.38326128593 -0.165016113796 2.60205545789 1.25232584394 -0.361597686796 7.27861404507 4.31675193483 101.336314549 10.7568476259 -3.60897299093 11.0107616983 9.35078716278 2.48378742573 -6.86699973706 5.34320258916 -0.14587877977 2.59864755014 23.492 1.39279760382 -4.63589179282 102.924468528 5.50538054042 -0.0940750998989 2.58574752565
5.39464557322 -0.168140912577 2.60205545789 1.24547043001 -0.357874306852 7.2228531679 4.47098520538 101.390474485 10.2533281693 -3.55312676925 10.6329347319 9.35078716278 2.48378742572 -6.86699973706 5.34320258916 -0.14587877977 2.59864755014 23.512 1.31603658183 -4.31805269894 103.004764613 5.53131107118 -0.100808588628 2.58486366958
5.40729715864 -0.16963209414 2.60043368644 1.24392102035 -0.353611679331 7.00796202294 4.36279597865 101.485161076 9.77198658409 -3.21680303099 10.2590108895 9.45056533813 2.58356560108 -6.86448693435 5.40119222855 -0.162780505354 2.60135489061 23.532 1.31603658183 -4.31805269894 103.004764613 5.53131107118 -0.100808588628 2.58486366958
5.4216083655 -0.173646018658 2.59494471471 1.23612370673 -0.350707012514 6.96570561886 4.53920974751 101.579403993 9.19765611157 -2.5502917123 9.89187856655 9.3975687027 2.53308176835 -6.86448693435 5.40119222855 -0.162780505354 2.60135489061 23.556 1.27317726631 -4.04150498876 103.07277149 5.55668055468 -0.107430568817 2.58401902295
5.43849380202 -0.178323177415 2.59494253043 1.22553975917 -0.346391002856 6.92085286091 4.73693449547 101.713361633 8.52310395169 -2.07104454033 9.5571485437 9.45940876007 2.59492182572 -6.86448693435 5.40119222855 -0.162780505354 2.60135489061 23.572 1.27317726631 -4.04150498876 103.07277149 5.55668055468 -0.107430568817 2.58401902295
5.44980710293 -0.182144883906 2.59494045462 1.22035143003 -0.352089944129 6.89792544796 4.85643823735 101.757952838 8.04246703049 -1.78010482388 9.21169729132 9.45940876007 2.59492182572 -6.86448693435 5.40119222855 -0.162780505354 2.60135489061 23.592 1.27317726631 -4.04150498876 103.07277149 5.55668055468 -0.107430568817 2.58401902295
5.46381763534 -0.186197776507 2.58687435348 1.21353738005 -0.35023840994 6.86126984217 4.99449447106 101.83459534 7.39086558987 -1.81022218318 8.87427070321 9.38428783417 2.51980089981 -6.86448693435 5.40119222855 -0.162780505354 2.60135489061 23.612 1.22046363796 -3.80575705282 103.131505418 5.58145513068 -0.113939269902 2.58320190657
5.47760470313 -0.190086214401 2.57798541068 1.20553447557 -0.346993168996 6.82886701146 5.11960507679 101.910805999 6.74450437076 -1.70200678744 8.56162200962 9.37267208099 2.50818514664 -6.86448693435 5.40119222855 -0.162780505354 2.60135489061 23.632 1.18342739883 -3.6165722974 103.179954669 5.60561139872 -0.120329905351 2.58238980526
5.49122431135 -0.190584212255 2.58492316656 1.19536851148 -0.34636140881 6.57759113392 4.85359200856 101.972993232 5.99274701414 -1.41990283152 8.24423638424 9.44099235535 2.57650542099 -6.86218866275 5.49146811407 -0.181111034984 2.59222396788 23.656 1.18342739883 -3.6165722974 103.179954669 5.60561139872 -0.120329905351 2.58238980526
5.50807996844 -0.195380263495 2.58699332845 1.19097150909 -0.344006423672 6.55853954959 4.97316124845 102.074402335 5.26851616332 -0.971269731692 7.92631072532 9.47166633606 2.60947767331 -6.86218866275 5.49146811407 -0.181111034984 2.59222396788 23.676 1.17464210575 -3.46080116892 103.219242408 5.62913852772 -0.126595932461 2.58157219607
5.52151791135 -0.199505037724 2.5906982971 1.18092055632 -0.343967538528 6.54487174923 5.06470991028 102.141228811 4.87197274203 -0.806084370819 7.62975601463 9.48840618134 2.62621751858 -6.86218866275 5.49146811407 -0.181111034984 2.59222396788 23.692 1.17464210575 -3.46080116892 103.219242408 5.62913852772 -0.126595932461 2.58157219607
5.53207393971 -0.20260498352 2.60036376645 1.17197000489 -0.341650342432 6.53390086961 5.13340594272 102.174564605 4.61012782527 -0.751583291018 7.34689337796 9.55005741119 2.68786874844 -6.86218866275 5.49146811407 -0.181111034984 2.59222396788 23.712 1.1524969412 -3.31632700078 103.25264098 5.65203732812 -0.132743926791 2.58077406027
5.54312285985 -0.206275396135 2.59826440771 1.16102891243 -0.34264473521 6.27648078099 4.83481817079 102.19672419 4.25295698552 -0.76664610418 7.05321156469 9.48289108276 2.62070242001 -6.86613549089 5.53728375943 -0.204829236264 2.59301013027 23.736 1.1524969412 -3.31632700078 103.25264098 5.65203732812 -0.132743926791 2.58077406027
5.55917862955 -0.210923321177 2.593533075 1.1524814258 -0.338955791876 6.25345500239 4.92108034758 102.284782569 3.77623715668 -0.906153019026 6.77836695907 9.40668869019 2.5405531993 -6.86613549089 5.53728375943 -0.204829236264 2.59301013027 23.748 1.11913911305 -3.20592801287 103.280267276 5.6743101269 -0.138779298939 2.58002687981
5.56696270554 -0.213109824197 2.58898163021 1.14578535414 -0.335645765357 6.24342838962 4.95491772034 102.286463864 3.44011581945 -0.881341819132 6.51218739946 9.40668869019 2.5405531993 -6.86613549089 5.53728375943 -0.204829236264 2.59301013027 23.776 1.11913911305 -3.20592801287 103.280267276 5.6743101269 -0.138779298939 2.58002687981
5.58514785758 -0.218703603731 2.5914841852 1.13388563119 -0.335141732133 6.21686662927 5.04812807043 102.387838781 3.34749596369 -0.937403289725 6.24862685166 9.47958946228 2.61345397139 -6.86613549089 5.53728375943 -0.204829236264 2.59301013027 23.792 1.08508874198 -3.09568708382 103.30315757 5.69596771891 -0.144702434361 2.57933526508
5.59505092865 -0.220889137018 2.58517651763 1.12276108055 -0.323455463203 6.20088732962 5.10520501752 102.41293196 3.44833555193 -0.965526087843 6.00844147172 9.39797496796 2.53183947707 -6.86613549089 5.53728375943 -0.204829236264 2.59301013027 23.812 1.08508874198 -3.09568708382 103.30315757 5.69596771891 -0.144702434361 2.57933526508
5.61061153491 -0.226272368692 2.59225511141 1.11564472965 -0.318111580209 5.92409137181 4.78785334541 102.412808735 3.41163831334 -1.02519000346 5.77366353281 9.53005599976 2.66392050887 -6.87688654917 5.61807083545 -0.231692299678 2.58899339262 23.84 1.04150283474 -2.96752318108 103.322556713 5.71702650318 -0.150513281708 2.57868243607
5.62829336148 -0.231747215891 2.59752163591 1.10244112746 -0.319736482571 5.89144782642 4.87681611743 102.502822659 3.21484947497 -1.14327424589 5.53079008743 9.53005599976 2.65316945059 -6.87688654917 5.61807083545 -0.231692299678 2.58899339262 23.852 1.04150283474 -2.96752318108 103.322556713 5.71702650318 -0.150513281708 2.57868243607
5.63505274604 -0.233265975076 2.58785686335 1.08734063799 -0.309696629501 5.87351014715 4.90522554208 102.503057766 2.92133882772 -1.2650335148 5.30949062163 9.36658191681 2.48969536764 -6.87688654917 5.61807083545 -0.231692299678 2.58899339262 23.876 0.982770877449 -2.86460191421 103.337847217 5.73749290691 -0.156211990686 2.57805579493
5.64902757768 -0.237229373225 2.57784066463 1.0682843139 -0.304077441471 5.83427419869 4.96824595597 102.56411262 2.71429914888 -1.52413955819 5.09248329138 9.36658191681 2.48969536764 -6.87688654917 5.61807083545 -0.231692299678 2.58899339262 23.896 0.982770877449 -2.86460191421 103.337847217 5.73749290691 -0.156211990686 2.57805579493
5.66156397477 -0.240946239607 2.57751879851 1.06518109304 -0.304822363169 5.80369787282 5.02122056867 102.600596178 2.67691542984 -1.52680598664 4.88268657493 9.45176792145 2.57488137228 -6.87688654917 5.61807083545 -0.231692299678 2.58899339262 23.912 0.917584555285 -2.77521184912 103.349605637 5.75737605058 -0.161794318718 2.57743699134
5.66626080317 -0.242342985269 2.58618560222 1.05634213863 -0.299958868481 5.54144191508 4.67393646788 102.55791991 2.56507250856 -1.41814495627 4.67343233963 9.49568939209 2.61880284292 -6.88105547533 5.65339802106 -0.239352998119 2.58989058887 23.932 0.917584555285 -2.77521184912 103.349605637 5.75737605058 -0.161794318718 2.57743699134
5.67893690884 -0.24594249169 2.58208459959 1.05634213863 -0.299958868481 5.51307901596 4.72523791805 102.651388557 2.56507250856 -1.41814495627 4.67343233963 9.39881801605 2.51776254072 -6.88105547533 5.65339802106 -0.239352998119 2.58989058887 23.956 0.874928647626 -2.68133304587 103.358216486 5.7766917206 -0.167250157537 2.57681033896
5.69259321779 -0.249658321902 2.58659499833 1.03777756381 -0.292753060794 5.48776677896 4.77835847642 102.702852284 2.35107921383 -1.19700112556 4.47078602807 9.51104640961 2.62999093427 -6.88105547533 5.65339802106 -0.239352998119 2.58989058887 23.976 0.874928647626 -2.68133304587 103.358216486 5.7766917206 -0.167250157537 2.57681033896
5.7039309318 -0.252349954911 2.59394054254 1.02505144006 -0.283383099874 5.47304802498 4.81401156669 102.732502186 2.07272373733 -0.971220068281 4.27549374543 9.53934574127 2.65829026594 -6.88105547533 5.65339802106 -0.239352998119 2.58989058887 23.992 0.824422881092 -2.54516826862 103.367675817 5.81367022185 -0.177767623646 2.57545167691
5.71265164631 -0.254657038544 2.59780154979 1.01262745409 -0.278796479303 5.46146441829 4.83387438113 102.741441118 1.7427015831 -0.873064860256 4.08429031606 9.51145172119 2.63039624586 -6.88105547533 5.65339802106 -0.239352998119 2.58989058887 24.016 0.824422881092 -2.54516826862 103.367675817 5.81367022185 -0.177767623646 2.57545167691
5.7262247945 -0.259165631431 2.58577551331 1.00317158342 -0.268294245361 5.19433425687 4.48920369471 102.711295745 1.82157958917 -0.841820430685 3.891842984 9.36387348175 2.48281800642 -6.86553672561 5.72578265764 -0.263083406722 2.58952034196 24.032 0.79487606508 -2.47990438584 103.36931573 5.83136464679 -0.182833846009 2.57476593305
5.7358552417 -0.261741256187 2.58577551331 1.00317158342 -0.268294245361 5.18086512998 4.51834896813 102.773565233 1.82157958917 -0.841820430685 3.891842984 9.52119541168 2.65565868607 -6.86553672561 5.72578265764 -0.263083406722 2.58952034196 24.052 0.757153762454 -2.41289152051 103.369752944 5.84855501411 -0.187776308905 2.57411798769
5.74629576947 -0.264036655351 2.6007564374 0.984841262076 -0.25769061387 5.15769104227 4.55649106437 102.796081236 1.85872765283 -0.979459654912 3.71269552038 9.63248252869 2.76694580308 -6.86553672561 5.72578265764 -0.263083406722 2.58952034196 24.076 0.757153762454 -2.41289152051 103.369752944 5.84855501411 -0.187776308905 2.57411798769
