-0.213286593556 -0.138958796859 9.83152484894 0 0 0 10.02
-0.193068027496 -0.181494325399 9.82462215424 0 0 0 10.064
-0.173041552305 -0.181701645255 9.73619937897 0 0 0 10.084
-0.183726906776 -0.201557427645 9.7844247818 0 0 0 10.124
-0.180763542652 -0.172104373574 9.82013702393 0 0 0 10.16
-0.17674125731 -0.159908458591 9.76358699799 0 0 0 10.18
-0.178490102291 -0.12606100738 9.85018253326 0 0 0 10.224
-0.194529950619 -0.184716805816 9.83441352844 0 0 0 10.264
-0.202826872468 -0.155696332455 9.86794948578 0 0 0 10.284
-0.196890279651 -0.171304941177 9.86124992371 0 0 0 10.324
-0.136108741164 -0.154501050711 9.83442592621 0 0 0 10.364
-0.12543900311 -0.159580633044 9.9266204834 0 0 0 10.384
-0.180259048939 -0.183004572988 9.80692386627 0 0 0 10.42
-0.173389926553 -0.178511157632 9.82505607605 0 0 0 10.464
-0.227706670761 -0.144294649363 9.75302791595 0 0 0 10.484
-0.226166561246 -0.28430005908 9.71994590759 0 0 0 10.524
-0.203532651067 -0.207377851009 9.76908969879 0 0 0 10.564
-0.152521491051 -0.198973923922 9.83808994293 0 0 0 10.584
-0.147819951177 -0.135977387428 9.83992958069 0 0 0 10.624
-0.219810441136 -0.216253384948 9.81965255737 0 0 0 10.664
-0.261049330235 -0.232438147068 9.66514587402 0 0 0 10.68
-0.187320262194 -0.214938417077 9.77555751801 0 0 0 10.72
-0.155394375324 -0.0808512419462 9.75523757935 0 0 0 10.76
-0.158574864268 -0.271653145552 9.85841655731 0 0 0 10.78
-0.203287646174 -0.143776535988 9.78869247437 0 0 0 10.824
-0.192993581295 -0.168976336718 9.76771450043 0 0 0 10.864
-0.198199316859 -0.175939559937 9.82417297363 0 0 0 10.884
-0.197036504745 -0.262289196253 9.84042072296 0 0 0 10.92
-0.245507568121 -0.149986237288 9.86879634857 0 0 0 10.964
-0.24594643712 -0.159660503268 9.81917190552 0 0 0 10.984
-0.220110267401 -0.166287437081 9.849360466 0 0 0 11.02
-0.228370249271 -0.056083265692 9.775390625 0 0 0 11.06
-0.193033859134 -0.213067427278 9.81974601746 0 0 0 11.08
-0.227417975664 -0.161059990525 9.80720710754 0 0 0 11.12
-0.223387941718 -0.165044918656 9.84715652466 0 0 0 11.16
-0.11437997967 -0.250407874584 9.79072189331 0 0 0 11.18
-0.211118012667 -0.147163525224 9.82119846344 0 0 0 11.224
-0.294318199158 -0.187486276031 9.82628154755 0 0 0 11.26
-0.128815889359 -0.211082831025 9.71009159088 0 0 0 11.28
-0.197887986898 -0.219356507063 9.75437736511 0 0 0 11.312
-0.179127603769 -0.170081555843 9.83955574036 0 0 0 11.364
-0.184397935867 -0.104995168746 9.80107688904 0 0 0 11.38
-0.261879503727 -0.212353393435 9.76920604706 0 0 0 11.42
-0.160120666027 -0.165254592896 9.78489875793 0 0 0 11.46
-0.178435236216 -0.135754495859 9.81012153625 0 0 0 11.48
-0.190011292696 -0.163973644376 9.71467208862 0 0 0 11.524
-0.162427097559 -0.172604963183 9.79281711578 0 0 0 11.56
-0.150328278542 -0.110593795776 9.70619297028 0 0 0 11.58
-0.28119546175 -0.113848477602 9.78586387634 0 0 0 11.624
-0.218047589064 -0.178230270743 9.83525943756 0 0 0 11.66
-0.32062035799 -0.211589276791 9.74293518066 0 0 0 11.676
-0.220505833626 -0.156422317028 9.86151027679 0 0 0 11.72
-0.223122924566 -0.179616317153 9.73812484741 0 0 0 11.76
-0.269784003496 -0.160773053765 9.82955551147 0 0 0 11.8
-0.268652647734 -0.174049034715 9.82718753815 0 0 0 11.824
-0.219794929028 -0.134165719151 9.844622612 0 0 0 11.864
-0.257780879736 -0.136943519115 9.81704711914 0 0 0 11.884
-0.259104311466 -0.181740179658 9.90013027191 0 0 0 11.924
-0.234322577715 -0.227588996291 9.8782787323 0 0 0 11.964
-0.177980825305 -0.195000305772 9.79782867432 0 0 0 12.0
-0.222332060337 -0.0951074361801 9.75486755371 0 0 0 12.024
-0.146594524384 -0.242185816169 9.76352977753 0 0 0 12.064
-0.0770382136106 -0.160609200597 9.80764198303 0 0 0 12.08
-0.227968260646 -0.164498880506 9.873005867 0 0 0 12.12
-0.160528331995 -0.117671020329 9.78361606598 0 0 0 12.16
-0.20208658278 -0.0254227072 9.81279182434 0 0 0 12.2
-0.191205143929 -0.171635344625 9.82093811035 0 0 0 12.216
-0.215380460024 -0.175213634968 9.7802772522 0 0 0 12.26
-0.20575208962 -0.125023081899 9.81234455109 0 0 0 12.28
-0.252225130796 -0.187986329198 9.78494930267 0 0 0 12.324
-0.157834261656 -0.166720718145 9.8296585083 0 0 0 12.36
-0.219322487712 -0.195642590523 9.7412776947 0 0 0 12.404
-0.237210482359 -0.170958906412 9.91561889648 0 0 0 12.424
-0.229959458113 -0.230626255274 9.85975551605 0 0 0 12.464
-0.171827092767 -0.247611671686 9.71126365662 0 0 0 12.48
-0.122503228486 -0.261369824409 9.82174301147 0 0 0 12.524
-0.168599933386 -0.195580393076 9.85732841492 0 0 0 12.56
-0.136576414108 -0.199771806598 9.81664180756 0 0 0 12.6
-0.276751220226 -0.185249701142 9.71851348877 0 0 0 12.62
-0.160441309214 -0.281789422035 9.8296251297 0 0 0 12.66
-0.188879966736 -0.152858033776 9.81677722931 0 0 0 12.68
-0.203209042549 -0.171651259065 9.78255271912 0 0 0 12.72
-0.258392691612 -0.253690540791 9.84356880188 0 0 0 12.76
-0.2575096488 -0.272788882256 9.71397209167 0 0 0 12.776
-0.246084243059 -0.112009316683 9.74461936951 0 0 0 12.82
-0.21761199832 -0.194798931479 9.80553817749 0 0 0 12.856
-0.260028958321 -0.142414063215 9.85534477234 0 0 0 12.88
-0.286017596722 -0.211639985442 9.86775302887 0 0 0 12.924
-0.152882024646 -0.129967316985 9.7863111496 0 0 0 12.964
-0.233617216349 -0.198363214731 9.85008335114 0 0 0 12.98
-0.255889117718 -0.212690114975 9.92832756042 0 0 0 13.02
-0.132300257683 -0.172572761774 9.82495307922 0 0 0 13.064
-0.156556487083 -0.128842040896 9.77687072754 0 0 0 13.084
-0.176087021828 -0.182993575931 9.75931930542 0 0 0 13.124
-0.202787727118 -0.147719040513 9.8184223175 0 0 0 13.164
-0.156188249588 -0.224574223161 9.83409118652 0 0 0 13.18
-0.192071050406 -0.114738874137 9.74944210052 0 0 0 13.224
-0.157119333744 -0.220372349024 9.77053928375 0 0 0 13.264
-0.188543364406 -0.253885388374 9.83306503296 0 0 0 13.284
-0.161910533905 -0.12804248929 9.77283573151 0 0 0 13.312
-0.242220729589 -0.155931308866 9.8161945343 0 0 0 13.36
-0.211588039994 -0.119666405022 9.75863265991 0 0 0 13.38
-0.23658169806 -0.190173774958 9.85453128815 0 0 0 13.424
-0.144677773118 -0.153486981988 9.80560302734 0 0 0 13.46
-0.214677155018 -0.238910004497 9.85365104675 0 0 0 13.48
-0.214012026787 -0.163880601525 9.81648540497 0 0 0 13.524
-0.172051995993 -0.0497946701944 9.79652786255 0 0 0 13.56
-0.250714123249 -0.158840656281 9.79825210571 0 0 0 13.6
-0.22532042861 -0.127963960171 9.77178096771 0 0 0 13.62
-0.234330430627 -0.186406850815 9.73321533203 0 0 0 13.664
-0.182277828455 -0.19330497086 9.75026226044 0 0 0 13.684
-0.262388318777 -0.0795368403196 9.71608257294 0 0 0 13.724
-0.188884317875 -0.182696297765 9.82446956635 0 0 0 13.76
-0.261178731918 -0.1632591784 9.82790756226 0 0 0 13.78
-0.24688026309 -0.230141177773 9.78950214386 0 0 0 13.82
-0.17642980814 -0.196503564715 9.83648300171 0 0 0 13.86
-0.287302851677 -0.143780529499 9.82210159302 0 0 0 13.88
-0.153889253736 -0.201724767685 9.72386932373 0 0 0 13.924
-0.197275459766 -0.107951007783 9.76764392853 0 0 0 13.96
-0.214904248714 -0.153978720307 9.83703613281 0 0 0 13.98
-0.229851126671 -0.195949479938 9.78389072418 0 0 0 14.02
-0.165274932981 -0.191886976361 9.7457780838 0 0 0 14.064
-0.186645269394 -0.226474046707 9.86113548279 0 0 0 14.1
-0.220915645361 -0.129092887044 9.78175354004 0 0 0 14.124
-0.134452879429 -0.0746118202806 9.77928543091 0 0 0 14.16
-0.238589376211 -0.176078096032 9.82734775543 0 0 0 14.184
-0.209522396326 -0.189590245485 9.69825649261 0 0 0 14.224
-0.212374478579 -0.173394858837 9.84819698334 0 0 0 14.264
-0.202548891306 -0.188197746873 9.74325084686 0 0 0 14.304
-0.195967644453 -0.174699902534 9.80794429779 0 0 0 14.324
-0.209031268954 -0.161241173744 9.82066059113 0 0 0 14.364
-0.206882581115 -0.240250468254 9.8171043396 0 0 0 14.38
-0.190055683255 -0.192736834288 9.82203578949 0 0 0 14.424
-0.191517829895 -0.13894405961 9.738322258 0 0 0 14.464
-0.160522803664 -0.255425006151 9.75485038757 0 0 0 14.48
-0.171306028962 -0.143313080072 9.78052902222 0 0 0 14.52
-0.290605455637 -0.233192965388 9.84051513672 0 0 0 14.556
-0.16973631084 -0.116099320352 9.77037906647 0 0 0 14.584
-0.181261911988 -0.20483879745 9.77731800079 0 0 0 14.62
-0.1612008214 -0.148285835981 9.83621501923 0 0 0 14.66
-0.217841953039 -0.16074898839 9.79260444641 0 0 0 14.68
-0.175457835197 -0.249362751842 9.85945415497 0 0 0 14.724
-0.265564918518 -0.230114713311 9.76379680634 0 0 0 14.764
-0.24415281415 -0.220602571964 9.78269290924 0 0 0 14.784
-0.27017635107 -0.208208113909 9.81967830658 0 0 0 14.824
-0.172606065869 -0.138936191797 9.77559280396 0 0 0 14.86
-0.205051660538 -0.148058965802 9.81911659241 0 0 0 14.884
-0.0933303982019 -0.284469783306 9.82320690155 0 0 0 14.924
-0.145593672991 -0.131677702069 9.76056957245 0 0 0 14.964
-0.188461109996 -0.154291927814 9.74438285828 0 0 0 14.984
-0.192321836948 -0.243855342269 9.75504207611 0 0 0 15.024
-0.27231490612 -0.153544187546 9.77816963196 0 0 0 15.06
-0.179959237576 -0.143915563822 9.7113571167 0 0 0 15.1
-0.212291568518 -0.187825411558 9.76613998413 0 0 0 15.12
-0.220754295588 -0.202895566821 9.87306880951 0 0 0 15.156
-0.183841198683 -0.17572684586 9.77760124207 0 0 0 15.212
-0.183841198683 -0.17572684586 9.77760124207 0 0 0 15.212
-0.157768115401 -0.21621581912 9.83586406708 0 0 0 15.26
-0.155612140894 -0.143275856972 9.72941589355 0 0 0 15.284
-0.1486543715 -0.176167175174 9.77052307129 0 0 0 15.316
-0.0922661423683 -0.204124465585 9.79926013947 0 0 0 15.36
-0.170810163021 -0.186391234398 9.76492404938 0 0 0 15.384
-0.111305743456 -0.129236787558 9.83666610718 0 0 0 15.424
-0.112403512001 -0.125320479274 9.7948102951 0 0 0 15.464
-0.247954308987 -0.223182484508 9.80987644196 0 0 0 15.484
-0.16843432188 -0.174310743809 9.76592540741 0 0 0 15.524
-0.170940697193 -0.201376706362 9.81545829773 0 0 0 15.564
-0.234512060881 -0.119274660945 9.8248796463 0 0 0 15.58
-0.189050614834 -0.116920240223 9.730052948 0 0 0 15.624
-0.309070706367 -0.24074664712 9.81326580048 0 0 0 15.664
-0.247019395232 -0.144560933113 9.75739002228 0 0 0 15.68
-0.213388040662 -0.233343288302 9.74301338196 0 0 0 15.724
-0.166001588106 -0.134100496769 9.79023838043 0 0 0 15.76
-0.253915458918 -0.157528162003 9.82403182983 0 0 0 15.804
-0.245554640889 -0.262405127287 9.74983882904 0 0 0 15.82
-0.120953418314 -0.154242128134 9.8589220047 0 0 0 15.864
-0.0744939669967 -0.14935143292 9.88567352295 0 0 0 15.88
-0.212470859289 -0.0846455693245 9.78618049622 0 0 0 15.924
-0.179908961058 -0.174763545394 9.78683185577 0 0 0 15.96
-0.202868193388 -0.170152768493 9.85497379303 0 0 0 15.98
-0.278582453728 -0.176943644881 9.71984481812 0 0 0 16.02
-0.132427424192 -0.200888767838 9.87236213684 0 0 0 16.064
-0.144488990307 -0.200035840273 9.76380634308 0 0 0 16.08
-0.202637434006 -0.134504243731 9.7673625946 0 0 0 16.124
-0.119282692671 -0.131645977497 9.82277107239 0 0 0 16.16
-0.132683694363 -0.155301064253 9.84055042267 0 0 0 16.18
-0.140880227089 -0.146995708346 9.73974227905 0 0 0 16.224
-0.104975253344 -0.110792182386 9.7927904129 0 0 0 16.264
-0.218989312649 -0.121416084468 9.76258659363 0 0 0 16.284
-0.194247454405 -0.141132354736 9.81788158417 0 0 0 16.32
-0.178054332733 -0.206863060594 9.77950668335 0 0 0 16.364
-0.164115995169 -0.116092979908 9.83616828918 0 0 0 16.384
-0.220029115677 -0.232611879706 9.62821483612 0 0 0 16.416
-0.203302264214 -0.148518919945 9.78759860992 0 0 0 16.46
-0.167758077383 -0.0826432406902 9.6726474762 0 0 0 16.484
-0.120360389352 -0.195591568947 9.69209289551 0 0 0 16.52
-0.17114020884 -0.200504407287 9.75298500061 0 0 0 16.56
-0.161720693111 -0.198037698865 9.79445552826 0 0 0 16.584
-0.175025045872 -0.197909459472 9.77392578125 0 0 0 16.624
-0.193004310131 -0.170312434435 9.72508621216 0 0 0 16.664
-0.176709458232 -0.237545415759 9.81411170959 0 0 0 16.684
-0.205228179693 -0.132392138243 9.76951408386 0 0 0 16.724
-0.21317961812 -0.10419896245 9.75792598724 0 0 0 16.76
-0.198634803295 -0.214815929532 9.8391456604 0 0 0 16.784
-0.14943036437 -0.145559832454 9.8188829422 0 0 0 16.824
-0.21639034152 -0.186620309949 9.79065513611 0 0 0 16.864
-0.137569323182 -0.207493841648 9.83503913879 0 0 0 16.884
-0.192742466927 -0.202173158526 9.78259754181 0 0 0 16.92
-0.144416928291 -0.229704529047 9.88011550903 0 0 0 16.964
-0.222912371159 -0.185286596417 9.81568145752 0 0 0 16.98
-0.18253198266 -0.163844197989 9.8315410614 0 0 0 17.024
-0.23572820425 -0.160280734301 9.76487445831 0 0 0 17.064
-0.178022563457 -0.136019095778 9.88269710541 0 0 0 17.084
-0.0804458409548 -0.137793257833 9.80641841888 0 0 0 17.124
-0.242748856544 -0.168537944555 9.80324935913 0 0 0 17.16
-0.234235644341 -0.120237797499 9.80531311035 0 0 0 17.18
-0.156203478575 -0.123619362712 9.82567882538 0 0 0 17.22
-0.178369238973 -0.143443360925 9.80795764923 0 0 0 17.26
-0.22230784595 -0.169196113944 9.76472949982 0 0 0 17.28
-0.196438029408 -0.178538948297 9.83750629425 0 0 0 17.32
-0.157986029983 -0.125264361501 9.79861927032 0 0 0 17.364
-0.259082496166 -0.130050808191 9.78612327576 0 0 0 17.388
-0.180373102427 -0.197954341769 9.7715177536 0 0 0 17.42
-0.154560789466 -0.228440210223 9.84248065948 0 0 0 17.46
-0.23221206665 -0.205727770925 9.76912212372 0 0 0 17.484
-0.196416541934 -0.182653918862 9.74861717224 0 0 0 17.524
-0.183201268315 -0.137585163116 9.81812286377 0 0 0 17.564
-0.154407307506 -0.136483460665 9.80095100403 0 0 0 17.6
-0.188865125179 -0.165271088481 9.85993289948 0 0 0 17.62
-0.155478775501 -0.218895077705 9.74928665161 0 0 0 17.66
-0.158968195319 -0.125094786286 9.83665752411 0 0 0 17.68
-0.148496598005 -0.210691422224 9.81749725342 0 0 0 17.72
-0.264856725931 -0.17498293519 9.76783847809 0 0 0 17.764
-0.144303023815 -0.175305277109 9.82514572144 0 0 0 17.78
-0.196314007044 -0.215285852551 9.77674865723 0 0 0 17.824
-0.249559491873 -0.196321621537 9.90335464478 0 0 0 17.86
-0.152688667178 -0.19504673779 9.77740764618 0 0 0 17.884
-0.287382870913 -0.152891233563 9.71799278259 0 0 0 17.924
-0.196527659893 -0.145678043365 9.82386112213 0 0 0 17.96
-0.201700493693 -0.0926638841629 9.79514312744 0 0 0 18.0
-0.210791617632 -0.195668578148 9.78821372986 0 0 0 18.02
-0.11881493032 -0.205841615796 9.72904777527 0 0 0 18.064
-0.262219965458 -0.156450271606 9.81687450409 0 0 0 18.084
-0.125991672277 -0.179848223925 9.7215461731 0 0 0 18.12
-0.160803437233 -0.106357678771 9.75808525085 0 0 0 18.164
-0.129827409983 -0.082591034472 9.82313346863 0 0 0 18.2
-0.165044292808 -0.120588421822 9.80453300476 0 0 0 18.22
-0.181066960096 -0.131370395422 9.74586200714 0 0 0 18.26
-0.20512932539 -0.0719285979867 9.73664474487 0 0 0 18.28
-0.204052567482 -0.145297184587 9.73974514008 0 0 0 18.324
-0.102522343397 -0.190001741052 9.82322311401 0 0 0 18.364
-0.183532208204 -0.186204716563 9.76818084717 0 0 0 18.384
-0.159996166825 -0.189111366868 9.77697372437 0 0 0 18.424
-0.244878083467 -0.144962891936 9.77600002289 0 0 0 18.46
-0.233267694712 -0.159357443452 9.73753261566 0 0 0 18.48
-0.231263130903 -0.228341907263 9.85387706757 0 0 0 18.524
-0.126962184906 -0.189123645425 9.79294395447 0 0 0 18.56
-0.181203484535 -0.191008359194 9.76041698456 0 0 0 18.58
-0.100452750921 -0.128774285316 9.80087947845 0 0 0 18.62
-0.163224101067 -0.069171756506 9.87073612213 0 0 0 18.644
-0.109685987234 -0.213094517589 9.76553630829 0 0 0 18.7
-0.121565237641 -0.116740316153 9.77082920074 0 0 0 18.72
-0.187538176775 -0.160662382841 9.70171833038 0 0 0 18.76
-0.255871653557 -0.140066459775 9.79429912567 0 0 0 18.784
-0.188280969858 -0.188147604465 9.83130836487 0 0 0 18.824
-0.311134397984 -0.132162868977 9.72855186462 0 0 0 18.86
-0.149074226618 -0.146560534835 9.73817253113 0 0 0 18.88
-0.207005649805 -0.17055234313 9.77177238464 0 0 0 18.92
-0.218794107437 -0.108740463853 9.84471416473 0 0 0 18.968
-0.255403757095 -0.120738901198 9.81377887726 0 0 0 18.984
-0.243031218648 -0.203552678227 9.90884685516 0 0 0 19.02
-0.139042675495 -0.193927079439 9.77832126617 0 0 0 19.064
-0.13440310955 -0.230206042528 9.79975605011 0 0 0 19.084
-0.207586467266 -0.15615516901 9.87287425995 0 0 0 19.12
-0.148268997669 -0.189006194472 9.74027442932 0 0 0 19.16
-0.17309358716 -0.217642441392 9.72308349609 0 0 0 19.18
-0.15416893363 -0.1774186939 9.8091802597 0 0 0 19.22
-0.245053142309 -0.163871303201 9.84686279297 0 0 0 19.26
-0.188985258341 -0.166080832481 9.82026672363 0 0 0 19.28
-0.179356575012 -0.166847243905 9.83222293854 0 0 0 19.32
-0.119400680065 -0.103031046689 9.82435512543 0 0 0 19.364
-0.173680797219 -0.142277702689 9.78292655945 0 0 0 19.38
-0.222993403673 -0.165156751871 9.86040210724 0 0 0 19.424
-0.224875628948 -0.165837839246 9.7884349823 0 0 0 19.464
-0.209428042173 -0.241026371717 9.83701229095 0 0 0 19.48
-0.163614317775 -0.202303543687 9.7302646637 0 0 0 19.516
-0.263653099537 -0.189724445343 9.87437152863 0 0 0 19.56
-0.184495151043 -0.158377826214 9.7903175354 0 0 0 19.6
-0.103424280882 -0.172319203615 9.76783561707 0 0 0 19.62
-0.264541864395 -0.139077574015 9.80164337158 0 0 0 19.66
-0.22872915864 -0.21701271832 9.67711734772 0 0 0 19.68
-0.249711588025 -0.187864944339 9.68998527527 0 0 0 19.72
-0.165502548218 -0.1803830266 9.78134822845 0 0 0 19.76
-0.21958348155 -0.151816472411 9.79047584534 0 0 0 19.78
-0.0784809067845 -0.21566849947 9.81713485718 0 0 0 19.824
-0.108584329486 -0.169252321124 9.82170009613 0 0 0 19.86
-0.173050448298 -0.172501474619 9.7978887558 0 0 0 19.864
-0.181040391326 -0.177487716079 9.83222007751 0 0 0 19.924
-0.145354479551 -0.136099040508 9.81010627747 0 0 0 19.96
-0.114758864045 -0.200510084629 9.76499462128 0 0 0 19.98
